{"images":[{"imagefile":"20200207_124519.tiff","M3x4":[[0.046164908297922566,-0.99893383226410171,-0,-3.9937075028472031],[0.99893383226410171,0.046164908297922566,0,2.7654869989122526],[0,-0,1,28.15]]},{"imagefile":"20200207_124520.tiff","M3x4":[[0.046164908297922566,-0.99893383226410171,-0,-4.8230091392022265],[0.99893383226410171,0.046164908297922566,0,3.1968491496339508],[0,-0,1,29]]},{"imagefile":"20200207_124522.tiff","M3x4":[[0.046164908297922566,-0.99893383226410171,-0,-5.59180539096679],[0.99893383226410171,0.046164908297922566,0,3.7594465444087244],[0,-0,1,29.6]]},{"imagefile":"20200207_124524.tiff","M3x4":[[0.046164908297922566,-0.99893383226410171,-0,-6.3795068424765944],[0.99893383226410171,0.046164908297922566,0,4.4117409576396831],[0,-0,1,29.35]]},{"imagefile":"20200207_124526.tiff","M3x4":[[0.046164908297922566,-0.99893383226410171,-0,-7.0181157517435286],[0.99893383226410171,0.046164908297922566,0,5.184554355031028],[0,-0,1,29.45]]},{"imagefile":"20200207_124528.tiff","M3x4":[[0.046164908297922566,-0.99893383226410171,-0,-7.77139016236213],[0.99893383226410171,0.046164908297922566,0,5.865230206548822],[0,-0,1,29.25]]},{"imagefile":"20200207_124530.tiff","M3x4":[[0.046164908297922566,-0.99893383226410171,-0,-8.4913409886121514],[0.99893383226410171,0.046164908297922566,0,6.5446644964538994],[0,-0,1,29.25]]},{"imagefile":"20200207_124532.tiff","M3x4":[[0.046164908297922566,-0.99893383226410171,-0,-9.2390979153266954],[0.99893383226410171,0.046164908297922566,0,7.3734558700535606],[0,-0,1,29.15]]},{"imagefile":"20200207_124533.tiff","M3x4":[[0.046164908297922566,-0.99893383226410171,-0,-9.9051647641810447],[0.99893383226410171,0.046164908297922566,0,8.0063860820558848],[0,-0,1,29.2]]},{"imagefile":"20200207_124535.tiff","M3x4":[[0.046164908297922566,-0.99893383226410171,-0,-10.711496047442459],[0.99893383226410171,0.046164908297922566,0,8.7557823124193579],[0,-0,1,29.35]]},{"imagefile":"20200207_124537.tiff","M3x4":[[0.046164908297922566,-0.99893383226410171,-0,-11.463943258414382],[0.99893383226410171,0.046164908297922566,0,9.4586746420632917],[0,-0,1,29.4]]},{"imagefile":"20200207_124539.tiff","M3x4":[[0.046164908297922566,-0.99893383226410171,-0,-12.12863095065242],[0.99893383226410171,0.046164908297922566,0,10.12863332260472],[0,-0,1,29.35]]},{"imagefile":"20200207_124541.tiff","M3x4":[[0.046164908297922566,-0.99893383226410171,-0,-12.813327481166468],[0.99893383226410171,0.046164908297922566,0,10.858665734802864],[0,-0,1,29.35]]},{"imagefile":"20200207_124542.tiff","M3x4":[[0.046164908297922566,-0.99893383226410171,-0,-13.495265339352345],[0.99893383226410171,0.046164908297922566,0,11.662755854009486],[0,-0,1,29.45]]},{"imagefile":"20200207_124544.tiff","M3x4":[[0.046164908297922566,-0.99893383226410171,-0,-14.27745020388765],[0.99893383226410171,0.046164908297922566,0,12.463164053486425],[0,-0,1,29.3]]},{"imagefile":"20200207_124546.tiff","M3x4":[[0.046164908297922566,-0.99893383226410171,-0,-14.941034759465072],[0.99893383226410171,0.046164908297922566,0,13.16274520773287],[0,-0,1,29.45]]},{"imagefile":"20200207_124547.tiff","M3x4":[[0.046164908297922566,-0.99893383226410171,-0,-15.727082073566345],[0.99893383226410171,0.046164908297922566,0,13.859472014429189],[0,-0,1,29.45]]},{"imagefile":"20200207_124551.tiff","M3x4":[[0.046164908297922566,-0.99893383226410171,-0,-14.887093432950765],[0.99893383226410171,0.046164908297922566,0,14.013583046161967],[0,-0,1,29.75]]},{"imagefile":"20200207_124554.tiff","M3x4":[[0.046164908297922566,-0.99893383226410171,-0,-14.046480105884243],[0.99893383226410171,0.046164908297922566,0,13.885860435580518],[0,-0,1,29.9]]},{"imagefile":"20200207_124557.tiff","M3x4":[[0.046164908297922566,-0.99893383226410171,-0,-12.818267041871515],[0.99893383226410171,0.046164908297922566,0,14.010677617171744],[0,-0,1,30.05]]},{"imagefile":"20200207_124559.tiff","M3x4":[[0.046164908297922566,-0.99893383226410171,-0,-11.957093182621156],[0.99893383226410171,0.046164908297922566,0,13.837692677091853],[0,-0,1,29.9]]},{"imagefile":"20200207_124600.tiff","M3x4":[[0.046164908297922566,-0.99893383226410171,-0,-10.88238654114642],[0.99893383226410171,0.046164908297922566,0,13.723497964283689],[0,-0,1,30.2]]},{"imagefile":"20200207_124602.tiff","M3x4":[[0.046164908297922566,-0.99893383226410171,-0,-9.8771589130686923],[0.99893383226410171,0.046164908297922566,0,13.834373473293329],[0,-0,1,30.2]]},{"imagefile":"20200207_124604.tiff","M3x4":[[0.046164908297922566,-0.99893383226410171,-0,-8.8185988238343356],[0.99893383226410171,0.046164908297922566,0,13.883933775940347],[0,-0,1,30.05]]},{"imagefile":"20200207_124605.tiff","M3x4":[[0.046164908297922566,-0.99893383226410171,-0,-7.9221701816318326],[0.99893383226410171,0.046164908297922566,0,13.761547958505055],[0,-0,1,30.2]]},{"imagefile":"20200207_124608.tiff","M3x4":[[0.046164908297922566,-0.99893383226410171,-0,-6.8094500157782551],[0.99893383226410171,0.046164908297922566,0,13.772010400448613],[0,-0,1,30.1]]},{"imagefile":"20200207_124609.tiff","M3x4":[[0.046164908297922566,-0.99893383226410171,-0,-5.8752837189754761],[0.99893383226410171,0.046164908297922566,0,13.766875966447643],[0,-0,1,30.2]]},{"imagefile":"20200207_124611.tiff","M3x4":[[0.046164908297922566,-0.99893383226410171,-0,-4.93138890640081],[0.99893383226410171,0.046164908297922566,0,13.72429876364841],[0,-0,1,30.2]]},{"imagefile":"20200207_124613.tiff","M3x4":[[0.046164908297922566,-0.99893383226410171,-0,-3.8137030081224084],[0.99893383226410171,0.046164908297922566,0,13.868065653321583],[0,-0,1,30.2]]},{"imagefile":"20200207_124615.tiff","M3x4":[[0.046164908297922566,-0.99893383226410171,-0,-2.9020283703245773],[0.99893383226410171,0.046164908297922566,0,13.856353025391288],[0,-0,1,30.25]]},{"imagefile":"20200207_124617.tiff","M3x4":[[0.046164908297922566,-0.99893383226410171,-0,-1.7953774422946351],[0.99893383226410171,0.046164908297922566,0,13.703887890099921],[0,-0,1,30.2]]},{"imagefile":"20200207_124619.tiff","M3x4":[[0.046164908297922566,-0.99893383226410171,-0,-0.65512697506023088],[0.99893383226410171,0.046164908297922566,0,13.557587170936312],[0,-0,1,30.25]]},{"imagefile":"20200207_124621.tiff","M3x4":[[0.046164908297922566,-0.99893383226410171,-0,0.21377134370339856],[0.99893383226410171,0.046164908297922566,0,13.591964481131868],[0,-0,1,30.4]]},{"imagefile":"20200207_124622.tiff","M3x4":[[0.046164908297922566,-0.99893383226410171,-0,1.2831634354337269],[0.99893383226410171,0.046164908297922566,0,13.633705365783564],[0,-0,1,30.3]]},{"imagefile":"20200207_124624.tiff","M3x4":[[0.046164908297922566,-0.99893383226410171,-0,2.2906709616076535],[0.99893383226410171,0.046164908297922566,0,13.507181587306231],[0,-0,1,30.2]]},{"imagefile":"20200207_124625.tiff","M3x4":[[0.046164908297922566,-0.99893383226410171,-0,3.2186950966084442],[0.99893383226410171,0.046164908297922566,0,13.635765559480079],[0,-0,1,30.35]]},{"imagefile":"20200207_124627.tiff","M3x4":[[0.046164908297922566,-0.99893383226410171,-0,4.2808415355197917],[0.99893383226410171,0.046164908297922566,0,13.78160164869789],[0,-0,1,30.05]]},{"imagefile":"20200207_124628.tiff","M3x4":[[0.046164908297922566,-0.99893383226410171,-0,5.2691678973258167],[0.99893383226410171,0.046164908297922566,0,13.737369364902303],[0,-0,1,30.05]]},{"imagefile":"20200207_124630.tiff","M3x4":[[0.046164908297922566,-0.99893383226410171,-0,6.1471700551501858],[0.99893383226410171,0.046164908297922566,0,14.016138647015332],[0,-0,1,29.9]]},{"imagefile":"20200207_124631.tiff","M3x4":[[0.046164908297922566,-0.99893383226410171,-0,7.0993410710547886],[0.99893383226410171,0.046164908297922566,0,14.195735974858062],[0,-0,1,29.95]]},{"imagefile":"20200207_124633.tiff","M3x4":[[0.046164908297922566,-0.99893383226410171,-0,8.1292673155475867],[0.99893383226410171,0.046164908297922566,0,14.372436920013667],[0,-0,1,30.05]]},{"imagefile":"20200207_124635.tiff","M3x4":[[0.046164908297922566,-0.99893383226410171,-0,9.1961035743509285],[0.99893383226410171,0.046164908297922566,0,14.644172233199559],[0,-0,1,30.05]]},{"imagefile":"20200207_124636.tiff","M3x4":[[0.046164908297922566,-0.99893383226410171,-0,10.161865316936879],[0.99893383226410171,0.046164908297922566,0,14.890008387120586],[0,-0,1,29.9]]},{"imagefile":"20200207_124638.tiff","M3x4":[[0.046164908297922566,-0.99893383226410171,-0,11.043729628305636],[0.99893383226410171,0.046164908297922566,0,15.272459616554789],[0,-0,1,30]]},{"imagefile":"20200207_124640.tiff","M3x4":[[0.046164908297922566,-0.99893383226410171,-0,12.226683451759873],[0.99893383226410171,0.046164908297922566,0,15.376715655710854],[0,-0,1,29.9]]},{"imagefile":"20200207_124641.tiff","M3x4":[[0.046164908297922566,-0.99893383226410171,-0,13.068952009194572],[0.99893383226410171,0.046164908297922566,0,15.293427845437959],[0,-0,1,30.05]]},{"imagefile":"20200207_124643.tiff","M3x4":[[0.046164908297922566,-0.99893383226410171,-0,13.949436933652709],[0.99893383226410171,0.046164908297922566,0,15.638850242942162],[0,-0,1,30.05]]},{"imagefile":"20200207_124645.tiff","M3x4":[[0.046164908297922566,-0.99893383226410171,-0,14.45957227249874],[0.99893383226410171,0.046164908297922566,0,15.597599055834873],[0,-0,1,29.95]]},{"imagefile":"20200207_124647.tiff","M3x4":[[0.046164908297922566,-0.99893383226410171,-0,14.047289954316339],[0.99893383226410171,0.046164908297922566,0,14.085240172929209],[0,-0,1,30]]},{"imagefile":"20200207_124650.tiff","M3x4":[[0.046164908297922566,-0.99893383226410171,-0,13.746362012051685],[0.99893383226410171,0.046164908297922566,0,12.576149498494889],[0,-0,1,29.9]]},{"imagefile":"20200207_124652.tiff","M3x4":[[0.046164908297922566,-0.99893383226410171,-0,14.794220196056592],[0.99893383226410171,0.046164908297922566,0,13.234229053772321],[0,-0,1,30.05]]},{"imagefile":"20200207_124656.tiff","M3x4":[[0.046164908297922566,-0.99893383226410171,-0,13.487075535950892],[0.99893383226410171,0.046164908297922566,0,13.379330914380489],[0,-0,1,29.75]]},{"imagefile":"20200207_124657.tiff","M3x4":[[0.046164908297922566,-0.99893383226410171,-0,12.402161569614377],[0.99893383226410171,0.046164908297922566,0,13.219510465658075],[0,-0,1,29.75]]},{"imagefile":"20200207_124658.tiff","M3x4":[[0.046164908297922566,-0.99893383226410171,-0,11.374718173684796],[0.99893383226410171,0.046164908297922566,0,13.109461927334273],[0,-0,1,29.7]]},{"imagefile":"20200207_124659.tiff","M3x4":[[0.046164908297922566,-0.99893383226410171,-0,10.542454037793775],[0.99893383226410171,0.046164908297922566,0,13.162712994442074],[0,-0,1,29.95]]},{"imagefile":"20200207_124701.tiff","M3x4":[[0.046164908297922566,-0.99893383226410171,-0,9.5121790004120239],[0.99893383226410171,0.046164908297922566,0,13.275252845027149],[0,-0,1,29.75]]},{"imagefile":"20200207_124702.tiff","M3x4":[[0.046164908297922566,-0.99893383226410171,-0,8.5932587375626817],[0.99893383226410171,0.046164908297922566,0,13.391060673152007],[0,-0,1,29.65]]},{"imagefile":"20200207_124704.tiff","M3x4":[[0.046164908297922566,-0.99893383226410171,-0,7.5360780429460714],[0.99893383226410171,0.046164908297922566,0,13.378529167466557],[0,-0,1,29.7]]},{"imagefile":"20200207_124705.tiff","M3x4":[[0.046164908297922566,-0.99893383226410171,-0,6.5525144536552009],[0.99893383226410171,0.046164908297922566,0,13.252014000349339],[0,-0,1,29.85]]},{"imagefile":"20200207_124706.tiff","M3x4":[[0.046164908297922566,-0.99893383226410171,-0,5.5880591277276723],[0.99893383226410171,0.046164908297922566,0,13.339853677859111],[0,-0,1,29.7]]},{"imagefile":"20200207_124708.tiff","M3x4":[[0.046164908297922566,-0.99893383226410171,-0,4.5658573474881061],[0.99893383226410171,0.046164908297922566,0,13.370515751280108],[0,-0,1,29.7]]},{"imagefile":"20200207_124710.tiff","M3x4":[[0.046164908297922566,-0.99893383226410171,-0,3.6245183187243346],[0.99893383226410171,0.046164908297922566,0,13.183099076658126],[0,-0,1,29.55]]},{"imagefile":"20200207_124712.tiff","M3x4":[[0.046164908297922566,-0.99893383226410171,-0,2.5645788675279979],[0.99893383226410171,0.046164908297922566,0,13.096509594281166],[0,-0,1,29.55]]},{"imagefile":"20200207_124714.tiff","M3x4":[[0.046164908297922566,-0.99893383226410171,-0,1.6176494416563134],[0.99893383226410171,0.046164908297922566,0,13.057622988741347],[0,-0,1,29.85]]},{"imagefile":"20200207_124716.tiff","M3x4":[[0.046164908297922566,-0.99893383226410171,-0,0.47809649594127385],[0.99893383226410171,0.046164908297922566,0,12.625443388917088],[0,-0,1,29.25]]},{"imagefile":"20200207_124717.tiff","M3x4":[[0.046164908297922566,-0.99893383226410171,-0,-0.34215927359469689],[0.99893383226410171,0.046164908297922566,0,12.403852178587334],[0,-0,1,29.1]]},{"imagefile":"20200207_124719.tiff","M3x4":[[0.046164908297922566,-0.99893383226410171,-0,-1.3521496604950234],[0.99893383226410171,0.046164908297922566,0,12.463723892255924],[0,-0,1,29.5]]},{"imagefile":"20200207_124720.tiff","M3x4":[[0.046164908297922566,-0.99893383226410171,-0,-2.3973948514583214],[0.99893383226410171,0.046164908297922566,0,12.472996329083097],[0,-0,1,29.7]]},{"imagefile":"20200207_124722.tiff","M3x4":[[0.046164908297922566,-0.99893383226410171,-0,-3.4418124144929569],[0.99893383226410171,0.046164908297922566,0,12.504486179576853],[0,-0,1,30]]},{"imagefile":"20200207_124724.tiff","M3x4":[[0.046164908297922566,-0.99893383226410171,-0,-4.5003725055866273],[0.99893383226410171,0.046164908297922566,0,12.454926018261721],[0,-0,1,29.9]]},{"imagefile":"20200207_124725.tiff","M3x4":[[0.046164908297922566,-0.99893383226410171,-0,-5.4600650891948739],[0.99893383226410171,0.046164908297922566,0,12.372018640507543],[0,-0,1,30.05]]},{"imagefile":"20200207_124727.tiff","M3x4":[[0.046164908297922566,-0.99893383226410171,-0,-6.5422203440193627],[0.99893383226410171,0.046164908297922566,0,12.286257129971435],[0,-0,1,30]]},{"imagefile":"20200207_124728.tiff","M3x4":[[0.046164908297922566,-0.99893383226410171,-0,-7.4156055425241068],[0.99893383226410171,0.046164908297922566,0,12.430033015071578],[0,-0,1,30.2]]},{"imagefile":"20200207_124730.tiff","M3x4":[[0.046164908297922566,-0.99893383226410171,-0,-8.4760967707441068],[0.99893383226410171,0.046164908297922566,0,12.328632389773949],[0,-0,1,30.05]]},{"imagefile":"20200207_124731.tiff","M3x4":[[0.046164908297922566,-0.99893383226410171,-0,-9.4288196126239754],[0.99893383226410171,0.046164908297922566,0,12.134224453509038],[0,-0,1,30.1]]},{"imagefile":"20200207_124733.tiff","M3x4":[[0.046164908297922566,-0.99893383226410171,-0,-10.436530160141935],[0.99893383226410171,0.046164908297922566,0,11.956697102081161],[0,-0,1,30.15]]},{"imagefile":"20200207_124735.tiff","M3x4":[[0.046164908297922566,-0.99893383226410171,-0,-11.376765743192694],[0.99893383226410171,0.046164908297922566,0,11.798904484580859],[0,-0,1,30.1]]},{"imagefile":"20200207_124736.tiff","M3x4":[[0.046164908297922566,-0.99893383226410171,-0,-12.351152631594964],[0.99893383226410171,0.046164908297922566,0,11.620135917995958],[0,-0,1,30.05]]},{"imagefile":"20200207_124738.tiff","M3x4":[[0.046164908297922566,-0.99893383226410171,-0,-13.465528069195155],[0.99893383226410171,0.046164908297922566,0,11.565239253070258],[0,-0,1,30]]},{"imagefile":"20200207_124740.tiff","M3x4":[[0.046164908297922566,-0.99893383226410171,-0,-14.46295837861064],[0.99893383226410171,0.046164908297922566,0,11.36508102898204],[0,-0,1,29.85]]},{"imagefile":"20200207_124741.tiff","M3x4":[[0.046164908297922566,-0.99893383226410171,-0,-15.417336524719008],[0.99893383226410171,0.046164908297922566,0,11.126238812441892],[0,-0,1,30.05]]},{"imagefile":"20200207_124745.tiff","M3x4":[[0.046164908297922566,-0.99893383226410171,-0,-14.718715735314944],[0.99893383226410171,0.046164908297922566,0,11.367192330079515],[0,-0,1,30.5]]},{"imagefile":"20200207_124748.tiff","M3x4":[[0.046164908297922566,-0.99893383226410171,-0,-15.154870190848081],[0.99893383226410171,0.046164908297922566,0,9.8112344773237012],[0,-0,1,30.2]]},{"imagefile":"20200207_124749.tiff","M3x4":[[0.046164908297922566,-0.99893383226410171,-0,-15.382124307991136],[0.99893383226410171,0.046164908297922566,0,9.0855099253830254],[0,-0,1,30.25]]},{"imagefile":"20200207_124751.tiff","M3x4":[[0.046164908297922566,-0.99893383226410171,-0,-15.56605048029969],[0.99893383226410171,0.046164908297922566,0,8.3285071188605322],[0,-0,1,30.4]]},{"imagefile":"20200207_124754.tiff","M3x4":[[0.046164908297922566,-0.99893383226410171,-0,-14.7216475987979],[0.99893383226410171,0.046164908297922566,0,8.6011099264368518],[0,-0,1,30.3]]},{"imagefile":"20200207_124757.tiff","M3x4":[[0.046164908297922566,-0.99893383226410171,-0,-13.613065632789796],[0.99893383226410171,0.046164908297922566,0,8.500484441194347],[0,-0,1,30.45]]},{"imagefile":"20200207_124759.tiff","M3x4":[[0.046164908297922566,-0.99893383226410171,-0,-12.559471359844885],[0.99893383226410171,0.046164908297922566,0,8.41673946993438],[0,-0,1,30.6]]},{"imagefile":"20200207_124801.tiff","M3x4":[[0.046164908297922566,-0.99893383226410171,-0,-11.555623037427994],[0.99893383226410171,0.046164908297922566,0,8.4905850404451488],[0,-0,1,30.4]]},{"imagefile":"20200207_124802.tiff","M3x4":[[0.046164908297922566,-0.99893383226410171,-0,-10.531214222308025],[0.99893383226410171,0.046164908297922566,0,8.5191683148060022],[0,-0,1,30.45]]},{"imagefile":"20200207_124804.tiff","M3x4":[[0.046164908297922566,-0.99893383226410171,-0,-9.5526163714919363],[0.99893383226410171,0.046164908297922566,0,8.51237781389598],[0,-0,1,30.5]]},{"imagefile":"20200207_124806.tiff","M3x4":[[0.046164908297922566,-0.99893383226410171,-0,-8.60679043219023],[0.99893383226410171,0.046164908297922566,0,8.52164028518846],[0,-0,1,30.45]]},{"imagefile":"20200207_124808.tiff","M3x4":[[0.046164908297922566,-0.99893383226410171,-0,-7.5740325389953567],[0.99893383226410171,0.046164908297922566,0,8.475751868577408],[0,-0,1,30.6]]},{"imagefile":"20200207_124809.tiff","M3x4":[[0.046164908297922566,-0.99893383226410171,-0,-6.5987452682467547],[0.99893383226410171,0.046164908297922566,0,8.3800918276882879],[0,-0,1,30.55]]},{"imagefile":"20200207_124811.tiff","M3x4":[[0.046164908297922566,-0.99893383226410171,-0,-5.4743654473337484],[0.99893383226410171,0.046164908297922566,0,8.4049510432378],[0,-0,1,30.55]]},{"imagefile":"20200207_124813.tiff","M3x4":[[0.046164908297922566,-0.99893383226410171,-0,-4.57048814205273],[0.99893383226410171,0.046164908297922566,0,8.482520911291],[0,-0,1,30.6]]},{"imagefile":"20200207_124815.tiff","M3x4":[[0.046164908297922566,-0.99893383226410171,-0,-3.5541525345050951],[0.99893383226410171,0.046164908297922566,0,8.59298190569323],[0,-0,1,30.4]]},{"imagefile":"20200207_124817.tiff","M3x4":[[0.046164908297922566,-0.99893383226410171,-0,-2.506424427097746],[0.99893383226410171,0.046164908297922566,0,8.650360964018299],[0,-0,1,30.6]]},{"imagefile":"20200207_124818.tiff","M3x4":[[0.046164908297922566,-0.99893383226410171,-0,-1.5372791907456895],[0.99893383226410171,0.046164908297922566,0,8.6884191811212439],[0,-0,1,30.5]]},{"imagefile":"20200207_124820.tiff","M3x4":[[0.046164908297922566,-0.99893383226410171,-0,-0.44925773833478866],[0.99893383226410171,0.046164908297922566,0,8.6330560644330188],[0,-0,1,30.65]]},{"imagefile":"20200207_124822.tiff","M3x4":[[0.046164908297922566,-0.99893383226410171,-0,0.49656819056534918],[0.99893383226410171,0.046164908297922566,0,8.6423186737811619],[0,-0,1,30.6]]},{"imagefile":"20200207_124823.tiff","M3x4":[[0.046164908297922566,-0.99893383226410171,-0,1.5098690996312105],[0.99893383226410171,0.046164908297922566,0,8.6713159734448215],[0,-0,1,30.6]]},{"imagefile":"20200207_124825.tiff","M3x4":[[0.046164908297922566,-0.99893383226410171,-0,2.5012301090101707],[0.99893383226410171,0.046164908297922566,0,8.7085466862794139],[0,-0,1,30.75]]},{"imagefile":"20200207_124827.tiff","M3x4":[[0.046164908297922566,-0.99893383226410171,-0,3.4920393577371058],[0.99893383226410171,0.046164908297922566,0,8.7309658034962752],[0,-0,1,30.65]]},{"imagefile":"20200207_124829.tiff","M3x4":[[0.046164908297922566,-0.99893383226410171,-0,4.4689819033225655],[0.99893383226410171,0.046164908297922566,0,8.67974061732405],[0,-0,1,30.65]]},{"imagefile":"20200207_124831.tiff","M3x4":[[0.046164908297922566,-0.99893383226410171,-0,5.4384030109244064],[0.99893383226410171,0.046164908297922566,0,8.7252047787959341],[0,-0,1,30.8]]},{"imagefile":"20200207_124833.tiff","M3x4":[[0.046164908297922566,-0.99893383226410171,-0,6.6099731816216014],[0.99893383226410171,0.046164908297922566,0,8.8224672565065472],[0,-0,1,30.95]]},{"imagefile":"20200207_124834.tiff","M3x4":[[0.046164908297922566,-0.99893383226410171,-0,7.6296919981975178],[0.99893383226410171,0.046164908297922566,0,8.7251520407892258],[0,-0,1,30.7]]},{"imagefile":"20200207_124836.tiff","M3x4":[[0.046164908297922566,-0.99893383226410171,-0,8.45726611248276],[0.99893383226410171,0.046164908297922566,0,8.5460014398917625],[0,-0,1,30.85]]},{"imagefile":"20200207_124838.tiff","M3x4":[[0.046164908297922566,-0.99893383226410171,-0,9.5616371821636577],[0.99893383226410171,0.046164908297922566,0,8.6309350803315876],[0,-0,1,30.85]]},{"imagefile":"20200207_124839.tiff","M3x4":[[0.046164908297922566,-0.99893383226410171,-0,10.438536058048543],[0.99893383226410171,0.046164908297922566,0,8.88008056078409],[0,-0,1,30.85]]},{"imagefile":"20200207_124842.tiff","M3x4":[[0.046164908297922566,-0.99893383226410171,-0,11.528967750919737],[0.99893383226410171,0.046164908297922566,0,9.18801651635478],[0,-0,1,30.85]]},{"imagefile":"20200207_124843.tiff","M3x4":[[0.046164908297922566,-0.99893383226410171,-0,12.54329947799196],[0.99893383226410171,0.046164908297922566,0,9.5432840538528065],[0,-0,1,30.85]]},{"imagefile":"20200207_124844.tiff","M3x4":[[0.046164908297922566,-0.99893383226410171,-0,13.440686101760773],[0.99893383226410171,0.046164908297922566,0,10.043814031859396],[0,-0,1,30.8]]},{"imagefile":"20200207_124846.tiff","M3x4":[[0.046164908297922566,-0.99893383226410171,-0,14.367055025509572],[0.99893383226410171,0.046164908297922566,0,10.127962870936551],[0,-0,1,30.9]]},{"imagefile":"20200207_124848.tiff","M3x4":[[0.046164908297922566,-0.99893383226410171,-0,14.327182963512451],[0.99893383226410171,0.046164908297922566,0,9.65481769471238],[0,-0,1,30.85]]},{"imagefile":"20200207_124850.tiff","M3x4":[[0.046164908297922566,-0.99893383226410171,-0,13.637201824306379],[0.99893383226410171,0.046164908297922566,0,8.1528040058056774],[0,-0,1,30.7]]},{"imagefile":"20200207_124851.tiff","M3x4":[[0.046164908297922566,-0.99893383226410171,-0,13.49853471193563],[0.99893383226410171,0.046164908297922566,0,7.4163596034609336],[0,-0,1,30.7]]},{"imagefile":"20200207_124852.tiff","M3x4":[[0.046164908297922566,-0.99893383226410171,-0,13.482881941959121],[0.99893383226410171,0.046164908297922566,0,6.6975809704773246],[0,-0,1,30.8]]},{"imagefile":"20200207_124856.tiff","M3x4":[[0.046164908297922566,-0.99893383226410171,-0,14.487761227543551],[0.99893383226410171,0.046164908297922566,0,7.0976969543235766],[0,-0,1,30.6]]},{"imagefile":"20200207_124858.tiff","M3x4":[[0.046164908297922566,-0.99893383226410171,-0,14.690258749259288],[0.99893383226410171,0.046164908297922566,0,6.8602543228022066],[0,-0,1,30.85]]},{"imagefile":"20200207_124900.tiff","M3x4":[[0.046164908297922566,-0.99893383226410171,-0,12.726166031471386],[0.99893383226410171,0.046164908297922566,0,6.6886898430475377],[0,-0,1,30.6]]},{"imagefile":"20200207_124902.tiff","M3x4":[[0.046164908297922566,-0.99893383226410171,-0,11.443996159083841],[0.99893383226410171,0.046164908297922566,0,6.9070238071253431],[0,-0,1,30.55]]},{"imagefile":"20200207_124904.tiff","M3x4":[[0.046164908297922566,-0.99893383226410171,-0,10.398678436766476],[0.99893383226410171,0.046164908297922566,0,7.212943682452452],[0,-0,1,30.55]]},{"imagefile":"20200207_124905.tiff","M3x4":[[0.046164908297922566,-0.99893383226410171,-0,9.3600544623771569],[0.99893383226410171,0.046164908297922566,0,7.3999565818771655],[0,-0,1,30.4]]},{"imagefile":"20200207_124906.tiff","M3x4":[[0.046164908297922566,-0.99893383226410171,-0,8.25789043851436],[0.99893383226410171,0.046164908297922566,0,7.3742697161486683],[0,-0,1,30.55]]},{"imagefile":"20200207_124907.tiff","M3x4":[[0.046164908297922566,-0.99893383226410171,-0,7.1179886216788093],[0.99893383226410171,0.046164908297922566,0,7.2313312164691315],[0,-0,1,30.4]]},{"imagefile":"20200207_124909.tiff","M3x4":[[0.046164908297922566,-0.99893383226410171,-0,6.26413310164742],[0.99893383226410171,0.046164908297922566,0,7.0035760211250873],[0,-0,1,30.4]]},{"imagefile":"20200207_124910.tiff","M3x4":[[0.046164908297922566,-0.99893383226410171,-0,5.445256541211088],[0.99893383226410171,0.046164908297922566,0,6.8190143948148174],[0,-0,1,30.45]]},{"imagefile":"20200207_124911.tiff","M3x4":[[0.046164908297922566,-0.99893383226410171,-0,4.5330301687891845],[0.99893383226410171,0.046164908297922566,0,6.8159164543279767],[0,-0,1,30.5]]},{"imagefile":"20200207_124914.tiff","M3x4":[[0.046164908297922566,-0.99893383226410171,-0,3.4880608869424314],[0.99893383226410171,0.046164908297922566,0,6.8325956750732821],[0,-0,1,30.55]]},{"imagefile":"20200207_124915.tiff","M3x4":[[0.046164908297922566,-0.99893383226410171,-0,2.3509178862860622],[0.99893383226410171,0.046164908297922566,0,6.7637155540728493],[0,-0,1,30.4]]},{"imagefile":"20200207_124917.tiff","M3x4":[[0.046164908297922566,-0.99893383226410171,-0,1.3570739136066341],[0.99893383226410171,0.046164908297922566,0,6.6598329172298385],[0,-0,1,30.25]]},{"imagefile":"20200207_124919.tiff","M3x4":[[0.046164908297922566,-0.99893383226410171,-0,0.4171140866899018],[0.99893383226410171,0.046164908297922566,0,6.5094465169933171],[0,-0,1,30.4]]},{"imagefile":"20200207_124920.tiff","M3x4":[[0.046164908297922566,-0.99893383226410171,-0,-0.51677630347157688],[0.99893383226410171,0.046164908297922566,0,6.5219878830903388],[0,-0,1,30.4]]},{"imagefile":"20200207_124922.tiff","M3x4":[[0.046164908297922566,-0.99893383226410171,-0,-1.6270135118789804],[0.99893383226410171,0.046164908297922566,0,6.5781789936001189],[0,-0,1,30.4]]},{"imagefile":"20200207_124924.tiff","M3x4":[[0.046164908297922566,-0.99893383226410171,-0,-2.6064389964523422],[0.99893383226410171,0.046164908297922566,0,6.5627523380244064],[0,-0,1,30.4]]},{"imagefile":"20200207_124925.tiff","M3x4":[[0.046164908297922566,-0.99893383226410171,-0,-3.5666834243021404],[0.99893383226410171,0.046164908297922566,0,6.4650342995501591],[0,-0,1,30.4]]},{"imagefile":"20200207_124927.tiff","M3x4":[[0.046164908297922566,-0.99893383226410171,-0,-4.6499422931173537],[0.99893383226410171,0.046164908297922566,0,6.3496506586097885],[0,-0,1,30.55]]},{"imagefile":"20200207_124929.tiff","M3x4":[[0.046164908297922566,-0.99893383226410171,-0,-5.5293967756049875],[0.99893383226410171,0.046164908297922566,0,6.3304999245240658],[0,-0,1,30.7]]},{"imagefile":"20200207_124930.tiff","M3x4":[[0.046164908297922566,-0.99893383226410171,-0,-6.5627064099151458],[0.99893383226410171,0.046164908297922566,0,6.3615771279131641],[0,-0,1,30.45]]},{"imagefile":"20200207_124932.tiff","M3x4":[[0.046164908297922566,-0.99893383226410171,-0,-7.6090551260694239],[0.99893383226410171,0.046164908297922566,0,6.3412275603486954],[0,-0,1,30.55]]},{"imagefile":"20200207_124934.tiff","M3x4":[[0.046164908297922566,-0.99893383226410171,-0,-8.5768209604478329],[0.99893383226410171,0.046164908297922566,0,6.3401988238963947],[0,-0,1,30.4]]},{"imagefile":"20200207_124936.tiff","M3x4":[[0.046164908297922566,-0.99893383226410171,-0,-9.7050631661319322],[0.99893383226410171,0.046164908297922566,0,6.2116589720602171],[0,-0,1,30.55]]},{"imagefile":"20200207_124937.tiff","M3x4":[[0.046164908297922566,-0.99893383226410171,-0,-10.586448841095425],[0.99893383226410171,0.046164908297922566,0,6.1406677867471426],[0,-0,1,30.4]]},{"imagefile":"20200207_124939.tiff","M3x4":[[0.046164908297922566,-0.99893383226410171,-0,-11.581672259688744],[0.99893383226410171,0.046164908297922566,0,5.9997566954921835],[0,-0,1,30.4]]},{"imagefile":"20200207_124941.tiff","M3x4":[[0.046164908297922566,-0.99893383226410171,-0,-12.5929694922027],[0.99893383226410171,0.046164908297922566,0,5.7259552589097371],[0,-0,1,30.4]]},{"imagefile":"20200207_124943.tiff","M3x4":[[0.046164908297922566,-0.99893383226410171,-0,-13.585913350071651],[0.99893383226410171,0.046164908297922566,0,5.3476453065611622],[0,-0,1,30.4]]},{"imagefile":"20200207_124944.tiff","M3x4":[[0.046164908297922566,-0.99893383226410171,-0,-14.605007880307451],[0.99893383226410171,0.046164908297922566,0,5.1631273407809983],[0,-0,1,30.25]]},{"imagefile":"20200207_124946.tiff","M3x4":[[0.046164908297922566,-0.99893383226410171,-0,-15.47749276659102],[0.99893383226410171,0.046164908297922566,0,5.0324763489974425],[0,-0,1,30.4]]},{"imagefile":"20200207_124952.tiff","M3x4":[[0.046164908297922566,-0.99893383226410171,-0,-15.068432041177529],[0.99893383226410171,0.046164908297922566,0,4.9653252910406076],[0,-0,1,30.4]]},{"imagefile":"20200207_124954.tiff","M3x4":[[0.046164908297922566,-0.99893383226410171,-0,-15.796355769001126],[0.99893383226410171,0.046164908297922566,0,3.0420179949789445],[0,-0,1,30.6]]},{"imagefile":"20200207_124956.tiff","M3x4":[[0.046164908297922566,-0.99893383226410171,-0,-16.127095994803227],[0.99893383226410171,0.046164908297922566,0,1.9270976297261189],[0,-0,1,30.8]]},{"imagefile":"20200207_125000.tiff","M3x4":[[0.046164908297922566,-0.99893383226410171,-0,-15.10559068847035],[0.99893383226410171,0.046164908297922566,0,2.4749122574461322],[0,-0,1,30.65]]},{"imagefile":"20200207_125001.tiff","M3x4":[[0.046164908297922566,-0.99893383226410171,-0,-14.797532231769507],[0.99893383226410171,0.046164908297922566,0,2.0852168519942653],[0,-0,1,30.5]]},{"imagefile":"20200207_125005.tiff","M3x4":[[0.046164908297922566,-0.99893383226410171,-0,-13.758908403530246],[0.99893383226410171,0.046164908297922566,0,1.8982034732371988],[0,-0,1,30.8]]},{"imagefile":"20200207_125007.tiff","M3x4":[[0.046164908297922566,-0.99893383226410171,-0,-12.77472047066421],[0.99893383226410171,0.046164908297922566,0,1.7428822187425332],[0,-0,1,30.8]]},{"imagefile":"20200207_125009.tiff","M3x4":[[0.046164908297922566,-0.99893383226410171,-0,-11.815231332880652],[0.99893383226410171,0.046164908297922566,0,1.5217364230502053],[0,-0,1,30.8]]},{"imagefile":"20200207_125011.tiff","M3x4":[[0.046164908297922566,-0.99893383226410171,-0,-10.785580582111796],[0.99893383226410171,0.046164908297922566,0,1.6910284771093962],[0,-0,1,30.8]]},{"imagefile":"20200207_125013.tiff","M3x4":[[0.046164908297922566,-0.99893383226410171,-0,-9.6523722672554886],[0.99893383226410171,0.046164908297922566,0,1.9528716690946886],[0,-0,1,30.8]]},{"imagefile":"20200207_125015.tiff","M3x4":[[0.046164908297922566,-0.99893383226410171,-0,-8.48631976249051],[0.99893383226410171,0.046164908297922566,0,1.9020164007036644],[0,-0,1,30.8]]},{"imagefile":"20200207_125017.tiff","M3x4":[[0.046164908297922566,-0.99893383226410171,-0,-7.5963091567477168],[0.99893383226410171,0.046164908297922566,0,1.9059410144714237],[0,-0,1,30.8]]},{"imagefile":"20200207_125018.tiff","M3x4":[[0.046164908297922566,-0.99893383226410171,-0,-6.5166367639017064],[0.99893383226410171,0.046164908297922566,0,1.9250483552023505],[0,-0,1,30.65]]},{"imagefile":"20200207_125020.tiff","M3x4":[[0.046164908297922566,-0.99893383226410171,-0,-5.7390845040707852],[0.99893383226410171,0.046164908297922566,0,1.8960820481162008],[0,-0,1,30.65]]},{"imagefile":"20200207_125021.tiff","M3x4":[[0.046164908297922566,-0.99893383226410171,-0,-4.7163310112051446],[0.99893383226410171,0.046164908297922566,0,1.8802294417228729],[0,-0,1,30.65]]},{"imagefile":"20200207_125023.tiff","M3x4":[[0.046164908297922566,-0.99893383226410171,-0,-3.7088237529859756],[0.99893383226410171,0.046164908297922566,0,1.7537036376430726],[0,-0,1,30.65]]},{"imagefile":"20200207_125025.tiff","M3x4":[[0.046164908297922566,-0.99893383226410171,-0,-2.7388508090902239],[0.99893383226410171,0.046164908297922566,0,1.8139780659489446],[0,-0,1,30.65]]},{"imagefile":"20200207_125026.tiff","M3x4":[[0.046164908297922566,-0.99893383226410171,-0,-1.6624890997114929],[0.99893383226410171,0.046164908297922566,0,1.744215828243129],[0,-0,1,30.8]]},{"imagefile":"20200207_125028.tiff","M3x4":[[0.046164908297922566,-0.99893383226410171,-0,-0.65056761121360862],[0.99893383226410171,0.046164908297922566,0,1.736182841428547],[0,-0,1,30.65]]},{"imagefile":"20200207_125029.tiff","M3x4":[[0.046164908297922566,-0.99893383226410171,-0,0.4160656538038574],[0.99893383226410171,0.046164908297922566,0,1.703863424868459],[0,-0,1,30.8]]},{"imagefile":"20200207_125031.tiff","M3x4":[[0.046164908297922566,-0.99893383226410171,-0,1.5254751333449741],[0.99893383226410171,0.046164908297922566,0,1.6254539471684779],[0,-0,1,30.85]]},{"imagefile":"20200207_125034.tiff","M3x4":[[0.046164908297922566,-0.99893383226410171,-0,3.37573022532797],[0.99893383226410171,0.046164908297922566,0,1.7270960270665887],[0,-0,1,30.55]]},{"imagefile":"20200207_125035.tiff","M3x4":[[0.046164908297922566,-0.99893383226410171,-0,4.356811048747419],[0.99893383226410171,0.046164908297922566,0,1.786956804164098],[0,-0,1,30.55]]},{"imagefile":"20200207_125037.tiff","M3x4":[[0.046164908297922566,-0.99893383226410171,-0,5.3750779966021325],[0.99893383226410171,0.046164908297922566,0,1.9492575752483019],[0,-0,1,30.6]]},{"imagefile":"20200207_125038.tiff","M3x4":[[0.046164908297922566,-0.99893383226410171,-0,6.5735541730069871],[0.99893383226410171,0.046164908297922566,0,2.1715898915709326],[0,-0,1,30.65]]},{"imagefile":"20200207_125039.tiff","M3x4":[[0.046164908297922566,-0.99893383226410171,-0,7.436862435581733],[0.99893383226410171,0.046164908297922566,0,2.3544956906078673],[0,-0,1,30.5]]},{"imagefile":"20200207_125041.tiff","M3x4":[[0.046164908297922566,-0.99893383226410171,-0,8.3221105799101114],[0.99893383226410171,0.046164908297922566,0,2.5291681322510486],[0,-0,1,30.5]]},{"imagefile":"20200207_125042.tiff","M3x4":[[0.046164908297922566,-0.99893383226410171,-0,9.4073007278513963],[0.99893383226410171,0.046164908297922566,0,2.696392203049907],[0,-0,1,30.45]]},{"imagefile":"20200207_125044.tiff","M3x4":[[0.046164908297922566,-0.99893383226410171,-0,10.323389533651675],[0.99893383226410171,0.046164908297922566,0,2.8031710044796174],[0,-0,1,30.4]]},{"imagefile":"20200207_125046.tiff","M3x4":[[0.046164908297922566,-0.99893383226410171,-0,11.288048217238055],[0.99893383226410171,0.046164908297922566,0,3.0193819470882155],[0,-0,1,30.45]]},{"imagefile":"20200207_125047.tiff","M3x4":[[0.046164908297922566,-0.99893383226410171,-0,12.28547878673028],[0.99893383226410171,0.046164908297922566,0,3.2195399282340382],[0,-0,1,30.5]]},{"imagefile":"20200207_125049.tiff","M3x4":[[0.046164908297922566,-0.99893383226410171,-0,13.21102014123543],[0.99893383226410171,0.046164908297922566,0,3.2814701622871589],[0,-0,1,30.6]]},{"imagefile":"20200207_125052.tiff","M3x4":[[0.046164908297922566,-0.99893383226410171,-0,14.192449189872328],[0.99893383226410171,0.046164908297922566,0,3.0520904889638114],[0,-0,1,30.5]]},{"imagefile":"20200207_125055.tiff","M3x4":[[0.046164908297922566,-0.99893383226410171,-0,15.114331634812523],[0.99893383226410171,0.046164908297922566,0,3.3143918180401961],[0,-0,1,30.6]]},{"imagefile":"20200207_125058.tiff","M3x4":[[0.046164908297922566,-0.99893383226410171,-0,14.992506507429278],[0.99893383226410171,0.046164908297922566,0,1.8357096117567191],[0,-0,1,30.55]]},{"imagefile":"20200207_125100.tiff","M3x4":[[0.046164908297922566,-0.99893383226410171,-0,14.733655281844602],[0.99893383226410171,0.046164908297922566,0,0.85901099468336839],[0,-0,1,30.6]]},{"imagefile":"20200207_125104.tiff","M3x4":[[0.046164908297922566,-0.99893383226410171,-0,15.806154472664208],[0.99893383226410171,0.046164908297922566,0,0.68556702120459434],[0,-0,1,30.45]]},{"imagefile":"20200207_125107.tiff","M3x4":[[0.046164908297922566,-0.99893383226410171,-0,14.018756458221414],[0.99893383226410171,0.046164908297922566,0,0.18111366175083021],[0,-0,1,30.3]]},{"imagefile":"20200207_125108.tiff","M3x4":[[0.046164908297922566,-0.99893383226410171,-0,13.202914502721441],[0.99893383226410171,0.046164908297922566,0,0.078016732080996576],[0,-0,1,30.45]]},{"imagefile":"20200207_125109.tiff","M3x4":[[0.046164908297922566,-0.99893383226410171,-0,12.377895904433492],[0.99893383226410171,0.046164908297922566,0,0.027174398560786517],[0,-0,1,30.45]]},{"imagefile":"20200207_125110.tiff","M3x4":[[0.046164908297922566,-0.99893383226410171,-0,11.331823092575009],[0.99893383226410171,0.046164908297922566,0,0.014231510601243613],[0,-0,1,30.45]]},{"imagefile":"20200207_125111.tiff","M3x4":[[0.046164908297922566,-0.99893383226410171,-0,10.45209272368785],[0.99893383226410171,0.046164908297922566,0,-0.012324285240071842],[0,-0,1,30.4]]},{"imagefile":"20200207_125113.tiff","M3x4":[[0.046164908297922566,-0.99893383226410171,-0,9.3518599236177664],[0.99893383226410171,0.046164908297922566,0,0.01383098659586024],[0,-0,1,30.15]]},{"imagefile":"20200207_125114.tiff","M3x4":[[0.046164908297922566,-0.99893383226410171,-0,8.45156912749034],[0.99893383226410171,0.046164908297922566,0,0.032537733332106022],[0,-0,1,30.15]]},{"imagefile":"20200207_125116.tiff","M3x4":[[0.046164908297922566,-0.99893383226410171,-0,7.4713159684071746],[0.99893383226410171,0.046164908297922566,0,-0.0051053869899944093],[0,-0,1,29.85]]},{"imagefile":"20200207_125118.tiff","M3x4":[[0.046164908297922566,-0.99893383226410171,-0,6.4524249868092678],[0.99893383226410171,0.046164908297922566,0,0.1144288377500195],[0,-0,1,29.8]]},{"imagefile":"20200207_125119.tiff","M3x4":[[0.046164908297922566,-0.99893383226410171,-0,5.4296715140390974],[0.99893383226410171,0.046164908297922566,0,0.13028165706476735],[0,-0,1,29.7]]},{"imagefile":"20200207_125121.tiff","M3x4":[[0.046164908297922566,-0.99893383226410171,-0,4.4180259288014794],[0.99893383226410171,0.046164908297922566,0,0.1457206756886463],[0,-0,1,29.7]]},{"imagefile":"20200207_125123.tiff","M3x4":[[0.046164908297922566,-0.99893383226410171,-0,3.4094151529097609],[0.99893383226410171,0.046164908297922566,0,0.24262360919859549],[0,-0,1,29.7]]},{"imagefile":"20200207_125124.tiff","M3x4":[[0.046164908297922566,-0.99893383226410171,-0,2.4094292397813737],[0.99893383226410171,0.046164908297922566,0,0.27246043609458792],[0,-0,1,29.85]]},{"imagefile":"20200207_125126.tiff","M3x4":[[0.046164908297922566,-0.99893383226410171,-0,1.3292050699257016],[0.99893383226410171,0.046164908297922566,0,0.23854165013869302],[0,-0,1,29.85]]},{"imagefile":"20200207_125127.tiff","M3x4":[[0.046164908297922566,-0.99893383226410171,-0,0.34977958064121878],[0.99893383226410171,0.046164908297922566,0,0.22311604252972844],[0,-0,1,29.85]]},{"imagefile":"20200207_125129.tiff","M3x4":[[0.046164908297922566,-0.99893383226410171,-0,-0.49883427002143244],[0.99893383226410171,0.046164908297922566,0,0.13607251958201552],[0,-0,1,29.95]]},{"imagefile":"20200207_125131.tiff","M3x4":[[0.046164908297922566,-0.99893383226410171,-0,-1.6473611286767649],[0.99893383226410171,0.046164908297922566,0,0.060201840173217974],[0,-0,1,29.85]]},{"imagefile":"20200207_125133.tiff","M3x4":[[0.046164908297922566,-0.99893383226410171,-0,-2.637894513904],[0.99893383226410171,0.046164908297922566,0,0.045190113531669893],[0,-0,1,29.7]]},{"imagefile":"20200207_125134.tiff","M3x4":[[0.046164908297922566,-0.99893383226410171,-0,-3.629807359364003],[0.99893383226410171,0.046164908297922566,0,-0.0068505992711273],[0,-0,1,29.85]]},{"imagefile":"20200207_125136.tiff","M3x4":[[0.046164908297922566,-0.99893383226410171,-0,-4.712514567223101],[0.99893383226410171,0.046164908297922566,0,-0.10742141264989127],[0,-0,1,29.85]]},{"imagefile":"20200207_125138.tiff","M3x4":[[0.046164908297922566,-0.99893383226410171,-0,-5.6066635524753163],[0.99893383226410171,0.046164908297922566,0,-0.22243271709013346],[0,-0,1,29.8]]},{"imagefile":"20200207_125139.tiff","M3x4":[[0.046164908297922566,-0.99893383226410171,-0,-6.6866118409821249],[0.99893383226410171,0.046164908297922566,0,-0.24894546119229682],[0,-0,1,29.8]]},{"imagefile":"20200207_125141.tiff","M3x4":[[0.046164908297922566,-0.99893383226410171,-0,-7.6227093539310369],[0.99893383226