{
    "images": [
        {
            "imagefile": "20200207_124519.tiff",
            "M3x4": [
                [
                    "0.0461367406",
                    "-0.998325348",
                    "-0.0348994918",
                    "-4.88644695"
                ],
                [
                    "0.989436507",
                    "0.0408636928",
                    "0.139088318",
                    "6.28679085"
                ],
                [
                    "-0.137429282",
                    "-0.0409479141",
                    "0.989664853",
                    "24.8619995"
                ]
            ]
        },
        {
            "imagefile": "20200207_124520.tiff",
            "M3x4": [
                [
                    "0.0461367406",
                    "-0.998325348",
                    "-0.0348994918",
                    "-5.74490833"
                ],
                [
                    "0.989436507",
                    "0.0408636928",
                    "0.139088318",
                    "6.82815218"
                ],
                [
                    "-0.137429282",
                    "-0.0409479141",
                    "0.989664853",
                    "25.614521"
                ]
            ]
        },
        {
            "imagefile": "20200207_124522.tiff",
            "M3x4": [
                [
                    "0.0461367406",
                    "-0.998325348",
                    "-0.0348994918",
                    "-6.53417635"
                ],
                [
                    "0.989436507",
                    "0.0408636928",
                    "0.139088318",
                    "7.464993"
                ],
                [
                    "-0.137429282",
                    "-0.0409479141",
                    "0.989664853",
                    "26.1034508"
                ]
            ]
        },
        {
            "imagefile": "20200207_124524.tiff",
            "M3x4": [
                [
                    "0.0461367406",
                    "-0.998325348",
                    "-0.0348994918",
                    "-7.31267309"
                ],
                [
                    "0.989436507",
                    "0.0408636928",
                    "0.139088318",
                    "8.07234097"
                ],
                [
                    "-0.137429282",
                    "-0.0409479141",
                    "0.989664853",
                    "25.7380333"
                ]
            ]
        },
        {
            "imagefile": "20200207_124526.tiff",
            "M3x4": [
                [
                    "0.0461367406",
                    "-0.998325348",
                    "-0.0348994918",
                    "-7.95438242"
                ],
                [
                    "0.989436507",
                    "0.0408636928",
                    "0.139088318",
                    "8.84844112"
                ],
                [
                    "-0.137429282",
                    "-0.0409479141",
                    "0.989664853",
                    "25.7073727"
                ]
            ]
        },
        {
            "imagefile": "20200207_124528.tiff",
            "M3x4": [
                [
                    "0.0461367406",
                    "-0.998325348",
                    "-0.0348994918",
                    "-8.7002182"
                ],
                [
                    "0.989436507",
                    "0.0408636928",
                    "0.139088318",
                    "9.49101543"
                ],
                [
                    "-0.137429282",
                    "-0.0409479141",
                    "0.989664853",
                    "25.3886738"
                ]
            ]
        },
        {
            "imagefile": "20200207_124530.tiff",
            "M3x4": [
                [
                    "0.0461367406",
                    "-0.998325348",
                    "-0.0348994918",
                    "-9.41973019"
                ],
                [
                    "0.989436507",
                    "0.0408636928",
                    "0.139088318",
                    "10.1603413"
                ],
                [
                    "-0.137429282",
                    "-0.0409479141",
                    "0.989664853",
                    "25.2692318"
                ]
            ]
        },
        {
            "imagefile": "20200207_124532.tiff",
            "M3x4": [
                [
                    "0.0461367406",
                    "-0.998325348",
                    "-0.0348994918",
                    "-10.1635418"
                ],
                [
                    "0.989436507",
                    "0.0408636928",
                    "0.139088318",
                    "10.9635267"
                ],
                [
                    "-0.137429282",
                    "-0.0409479141",
                    "0.989664853",
                    "25.0290794"
                ]
            ]
        },
        {
            "imagefile": "20200207_124533.tiff",
            "M3x4": [
                [
                    "0.0461367406",
                    "-0.998325348",
                    "-0.0348994918",
                    "-10.8309488"
                ],
                [
                    "0.989436507",
                    "0.0408636928",
                    "0.139088318",
                    "11.5940161"
                ],
                [
                    "-0.137429282",
                    "-0.0409479141",
                    "0.989664853",
                    "24.9674587"
                ]
            ]
        },
        {
            "imagefile": "20200207_124535.tiff",
            "M3x4": [
                [
                    "0.0461367406",
                    "-0.998325348",
                    "-0.0348994918",
                    "-11.6420231"
                ],
                [
                    "0.989436507",
                    "0.0408636928",
                    "0.139088318",
                    "12.3530645"
                ],
                [
                    "-0.137429282",
                    "-0.0409479141",
                    "0.989664853",
                    "24.9837437"
                ]
            ]
        },
        {
            "imagefile": "20200207_124537.tiff",
            "M3x4": [
                [
                    "0.0461367406",
                    "-0.998325348",
                    "-0.0348994918",
                    "-12.3957577"
                ],
                [
                    "0.989436507",
                    "0.0408636928",
                    "0.139088318",
                    "13.0524168"
                ],
                [
                    "-0.137429282",
                    "-0.0409479141",
                    "0.989664853",
                    "24.9094009"
                ]
            ]
        },
        {
            "imagefile": "20200207_124539.tiff",
            "M3x4": [
                [
                    "0.0461367406",
                    "-0.998325348",
                    "-0.0348994918",
                    "-13.0582952"
                ],
                [
                    "0.989436507",
                    "0.0408636928",
                    "0.139088318",
                    "13.7056732"
                ],
                [
                    "-0.137429282",
                    "-0.0409479141",
                    "0.989664853",
                    "24.7437057"
                ]
            ]
        },
        {
            "imagefile": "20200207_124541.tiff",
            "M3x4": [
                [
                    "0.0461367406",
                    "-0.998325348",
                    "-0.0348994918",
                    "-13.7425747"
                ],
                [
                    "0.989436507",
                    "0.0408636928",
                    "0.139088318",
                    "14.4252739"
                ],
                [
                    "-0.137429282",
                    "-0.0409479141",
                    "0.989664853",
                    "24.6184406"
                ]
            ]
        },
        {
            "imagefile": "20200207_124542.tiff",
            "M3x4": [
                [
                    "0.0461367406",
                    "-0.998325348",
                    "-0.0348994918",
                    "-14.4275866"
                ],
                [
                    "0.989436507",
                    "0.0408636928",
                    "0.139088318",
                    "15.2321377"
                ],
                [
                    "-0.137429282",
                    "-0.0409479141",
                    "0.989664853",
                    "24.5819302"
                ]
            ]
        },
        {
            "imagefile": "20200207_124544.tiff",
            "M3x4": [
                [
                    "0.0461367406",
                    "-0.998325348",
                    "-0.0348994918",
                    "-15.2040606"
                ],
                [
                    "0.989436507",
                    "0.0408636928",
                    "0.139088318",
                    "16.0000935"
                ],
                [
                    "-0.137429282",
                    "-0.0409479141",
                    "0.989664853",
                    "24.2950535"
                ]
            ]
        },
        {
            "imagefile": "20200207_124546.tiff",
            "M3x4": [
                [
                    "0.0461367406",
                    "-0.998325348",
                    "-0.0348994918",
                    "-15.8724747"
                ],
                [
                    "0.989436507",
                    "0.0408636928",
                    "0.139088318",
                    "16.7105064"
                ],
                [
                    "-0.137429282",
                    "-0.0409479141",
                    "0.989664853",
                    "24.3232079"
                ]
            ]
        },
        {
            "imagefile": "20200207_124547.tiff",
            "M3x4": [
                [
                    "0.0461367406",
                    "-0.998325348",
                    "-0.0348994918",
                    "-16.6580429"
                ],
                [
                    "0.989436507",
                    "0.0408636928",
                    "0.139088318",
                    "17.3966351"
                ],
                [
                    "-0.137429282",
                    "-0.0409479141",
                    "0.989664853",
                    "24.1990776"
                ]
            ]
        },
        {
            "imagefile": "20200207_124551.tiff",
            "M3x4": [
                [
                    "0.0461367406",
                    "-0.998325348",
                    "-0.0348994918",
                    "-15.8290367"
                ],
                [
                    "0.989436507",
                    "0.0408636928",
                    "0.139088318",
                    "17.5950527"
                ],
                [
                    "-0.137429282",
                    "-0.0409479141",
                    "0.989664853",
                    "24.5035591"
                ]
            ]
        },
        {
            "imagefile": "20200207_124554.tiff",
            "M3x4": [
                [
                    "0.0461367406",
                    "-0.998325348",
                    "-0.0348994918",
                    "-14.9941721"
                ],
                [
                    "0.989436507",
                    "0.0408636928",
                    "0.139088318",
                    "17.4935169"
                ],
                [
                    "-0.137429282",
                    "-0.0409479141",
                    "0.989664853",
                    "24.6988316"
                ]
            ]
        },
        {
            "imagefile": "20200207_124557.tiff",
            "M3x4": [
                [
                    "0.0461367406",
                    "-0.998325348",
                    "-0.0348994918",
                    "-13.7719402"
                ],
                [
                    "0.989436507",
                    "0.0408636928",
                    "0.139088318",
                    "17.6439476"
                ],
                [
                    "-0.137429282",
                    "-0.0409479141",
                    "0.989664853",
                    "24.8723583"
                ]
            ]
        },
        {
            "imagefile": "20200207_124559.tiff",
            "M3x4": [
                [
                    "0.0461367406",
                    "-0.998325348",
                    "-0.0348994918",
                    "-12.9060574"
                ],
                [
                    "0.989436507",
                    "0.0408636928",
                    "0.139088318",
                    "17.4559669"
                ],
                [
                    "-0.137429282",
                    "-0.0409479141",
                    "0.989664853",
                    "24.7777462"
                ]
            ]
        },
        {
            "imagefile": "20200207_124600.tiff",
            "M3x4": [
                [
                    "0.0461367406",
                    "-0.998325348",
                    "-0.0348994918",
                    "-11.842474"
                ],
                [
                    "0.989436507",
                    "0.0408636928",
                    "0.139088318",
                    "17.3898315"
                ],
                [
                    "-0.137429282",
                    "-0.0409479141",
                    "0.989664853",
                    "25.1276817"
                ]
            ]
        },
        {
            "imagefile": "20200207_124602.tiff",
            "M3x4": [
                [
                    "0.0461367406",
                    "-0.998325348",
                    "-0.0348994918",
                    "-10.8378592"
                ],
                [
                    "0.989436507",
                    "0.0408636928",
                    "0.139088318",
                    "17.5045109"
                ],
                [
                    "-0.137429282",
                    "-0.0409479141",
                    "0.989664853",
                    "25.1469917"
                ]
            ]
        },
        {
            "imagefile": "20200207_124604.tiff",
            "M3x4": [
                [
                    "0.0461367406",
                    "-0.998325348",
                    "-0.0348994918",
                    "-9.77470875"
                ],
                [
                    "0.989436507",
                    "0.0408636928",
                    "0.139088318",
                    "17.5378666"
                ],
                [
                    "-0.137429282",
                    "-0.0409479141",
                    "0.989664853",
                    "25.0282269"
                ]
            ]
        },
        {
            "imagefile": "20200207_124605.tiff",
            "M3x4": [
                [
                    "0.0461367406",
                    "-0.998325348",
                    "-0.0348994918",
                    "-8.88406181"
                ],
                [
                    "0.989436507",
                    "0.0408636928",
                    "0.139088318",
                    "17.4418888"
                ],
                [
                    "-0.137429282",
                    "-0.0409479141",
                    "0.989664853",
                    "25.2246914"
                ]
            ]
        },
        {
            "imagefile": "20200207_124608.tiff",
            "M3x4": [
                [
                    "0.0461367406",
                    "-0.998325348",
                    "-0.0348994918",
                    "-7.76852942"
                ],
                [
                    "0.989436507",
                    "0.0408636928",
                    "0.139088318",
                    "17.4437466"
                ],
                [
                    "-0.137429282",
                    "-0.0409479141",
                    "0.989664853",
                    "25.1627235"
                ]
            ]
        },
        {
            "imagefile": "20200207_124609.tiff",
            "M3x4": [
                [
                    "0.0461367406",
                    "-0.998325348",
                    "-0.0348994918",
                    "-6.83842134"
                ],
                [
                    "0.989436507",
                    "0.0408636928",
                    "0.139088318",
                    "17.4571075"
                ],
                [
                    "-0.137429282",
                    "-0.0409479141",
                    "0.989664853",
                    "25.2946892"
                ]
            ]
        },
        {
            "imagefile": "20200207_124611.tiff",
            "M3x4": [
                [
                    "0.0461367406",
                    "-0.998325348",
                    "-0.0348994918",
                    "-5.89510155"
                ],
                [
                    "0.989436507",
                    "0.0408636928",
                    "0.139088318",
                    "17.4195271"
                ],
                [
                    "-0.137429282",
                    "-0.0409479141",
                    "0.989664853",
                    "25.3332348"
                ]
            ]
        },
        {
            "imagefile": "20200207_124613.tiff",
            "M3x4": [
                [
                    "0.0461367406",
                    "-0.998325348",
                    "-0.0348994918",
                    "-4.7780962"
                ],
                [
                    "0.989436507",
                    "0.0408636928",
                    "0.139088318",
                    "17.5673256"
                ],
                [
                    "-0.137429282",
                    "-0.0409479141",
                    "0.989664853",
                    "25.3518543"
                ]
            ]
        },
        {
            "imagefile": "20200207_124615.tiff",
            "M3x4": [
                [
                    "0.0461367406",
                    "-0.998325348",
                    "-0.0348994918",
                    "-3.86872196"
                ],
                [
                    "0.989436507",
                    "0.0408636928",
                    "0.139088318",
                    "17.5671101"
                ],
                [
                    "-0.137429282",
                    "-0.0409479141",
                    "0.989664853",
                    "25.4344749"
                ]
            ]
        },
        {
            "imagefile": "20200207_124617.tiff",
            "M3x4": [
                [
                    "0.0461367406",
                    "-0.998325348",
                    "-0.0348994918",
                    "-2.76100063"
                ],
                [
                    "0.989436507",
                    "0.0408636928",
                    "0.139088318",
                    "17.4145489"
                ],
                [
                    "-0.137429282",
                    "-0.0409479141",
                    "0.989664853",
                    "25.4444561"
                ]
            ]
        },
        {
            "imagefile": "20200207_124619.tiff",
            "M3x4": [
                [
                    "0.0461367406",
                    "-0.998325348",
                    "-0.0348994918",
                    "-1.62318945"
                ],
                [
                    "0.989436507",
                    "0.0408636928",
                    "0.139088318",
                    "17.2821636"
                ],
                [
                    "-0.137429282",
                    "-0.0409479141",
                    "0.989664853",
                    "25.5537071"
                ]
            ]
        },
        {
            "imagefile": "20200207_124621.tiff",
            "M3x4": [
                [
                    "0.0461367406",
                    "-0.998325348",
                    "-0.0348994918",
                    "-0.760055363"
                ],
                [
                    "0.989436507",
                    "0.0408636928",
                    "0.139088318",
                    "17.3412914"
                ],
                [
                    "-0.137429282",
                    "-0.0409479141",
                    "0.989664853",
                    "25.7273998"
                ]
            ]
        },
        {
            "imagefile": "20200207_124622.tiff",
            "M3x4": [
                [
                    "0.0461367406",
                    "-0.998325348",
                    "-0.0348994918",
                    "0.312175155"
                ],
                [
                    "0.989436507",
                    "0.0408636928",
                    "0.139088318",
                    "17.373909"
                ],
                [
                    "-0.137429282",
                    "-0.0409479141",
                    "0.989664853",
                    "25.6595821"
                ]
            ]
        },
        {
            "imagefile": "20200207_124624.tiff",
            "M3x4": [
                [
                    "0.0461367406",
                    "-0.998325348",
                    "-0.0348994918",
                    "1.322559"
                ],
                [
                    "0.989436507",
                    "0.0408636928",
                    "0.139088318",
                    "17.2396011"
                ],
                [
                    "-0.137429282",
                    "-0.0409479141",
                    "0.989664853",
                    "25.6130447"
                ]
            ]
        },
        {
            "imagefile": "20200207_124625.tiff",
            "M3x4": [
                [
                    "0.0461367406",
                    "-0.998325348",
                    "-0.0348994918",
                    "2.24478316"
                ],
                [
                    "0.989436507",
                    "0.0408636928",
                    "0.139088318",
                    "17.3923073"
                ],
                [
                    "-0.137429282",
                    "-0.0409479141",
                    "0.989664853",
                    "25.7756729"
                ]
            ]
        },
        {
            "imagefile": "20200207_124627.tiff",
            "M3x4": [
                [
                    "0.0461367406",
                    "-0.998325348",
                    "-0.0348994918",
                    "3.3167522"
                ],
                [
                    "0.989436507",
                    "0.0408636928",
                    "0.139088318",
                    "17.5001545"
                ],
                [
                    "-0.137429282",
                    "-0.0409479141",
                    "0.989664853",
                    "25.495182"
                ]
            ]
        },
        {
            "imagefile": "20200207_124628.tiff",
            "M3x4": [
                [
                    "0.0461367406",
                    "-0.998325348",
                    "-0.0348994918",
                    "4.30447674"
                ],
                [
                    "0.989436507",
                    "0.0408636928",
                    "0.139088318",
                    "17.4611549"
                ],
                [
                    "-0.137429282",
                    "-0.0409479141",
                    "0.989664853",
                    "25.5354958"
                ]
            ]
        },
        {
            "imagefile": "20200207_124630.tiff",
            "M3x4": [
                [
                    "0.0461367406",
                    "-0.998325348",
                    "-0.0348994918",
                    "5.18717909"
                ],
                [
                    "0.989436507",
                    "0.0408636928",
                    "0.139088318",
                    "17.7206116"
                ],
                [
                    "-0.137429282",
                    "-0.0409479141",
                    "0.989664853",
                    "25.3785915"
                ]
            ]
        },
        {
            "imagefile": "20200207_124631.tiff",
            "M3x4": [
                [
                    "0.0461367406",
                    "-0.998325348",
                    "-0.0348994918",
                    "6.13702488"
                ],
                [
                    "0.989436507",
                    "0.0408636928",
                    "0.139088318",
                    "17.9100399"
                ],
                [
                    "-0.137429282",
                    "-0.0409479141",
                    "0.989664853",
                    "25.4359875"
                ]
            ]
        },
        {
            "imagefile": "20200207_124633.tiff",
            "M3x4": [
                [
                    "0.0461367406",
                    "-0.998325348",
                    "-0.0348994918",
                    "7.16283464"
                ],
                [
                    "0.989436507",
                    "0.0408636928",
                    "0.139088318",
                    "18.1039314"
                ],
                [
                    "-0.137429282",
                    "-0.0409479141",
                    "0.989664853",
                    "25.5459538"
                ]
            ]
        },
        {
            "imagefile": "20200207_124635.tiff",
            "M3x4": [
                [
                    "0.0461367406",
                    "-0.998325348",
                    "-0.0348994918",
                    "8.22902107"
                ],
                [
                    "0.989436507",
                    "0.0408636928",
                    "0.139088318",
                    "18.3782043"
                ],
                [
                    "-0.137429282",
                    "-0.0409479141",
                    "0.989664853",
                    "25.5450058"
                ]
            ]
        },
        {
            "imagefile": "20200207_124636.tiff",
            "M3x4": [
                [
                    "0.0461367406",
                    "-0.998325348",
                    "-0.0348994918",
                    "9.19942856"
                ],
                [
                    "0.989436507",
                    "0.0408636928",
                    "0.139088318",
                    "18.6054745"
                ],
                [
                    "-0.137429282",
                    "-0.0409479141",
                    "0.989664853",
                    "25.3957195"
                ]
            ]
        },
        {
            "imagefile": "20200207_124638.tiff",
            "M3x4": [
                [
                    "0.0461367406",
                    "-0.998325348",
                    "-0.0348994918",
                    "10.0772657"
                ],
                [
                    "0.989436507",
                    "0.0408636928",
                    "0.139088318",
                    "19.0023994"
                ],
                [
                    "-0.137429282",
                    "-0.0409479141",
                    "0.989664853",
                    "25.4719372"
                ]
            ]
        },
        {
            "imagefile": "20200207_124640.tiff",
            "M3x4": [
                [
                    "0.0461367406",
                    "-0.998325348",
                    "-0.0348994918",
                    "11.262989"
                ],
                [
                    "0.989436507",
                    "0.0408636928",
                    "0.139088318",
                    "19.0974751"
                ],
                [
                    "-0.137429282",
                    "-0.0409479141",
                    "0.989664853",
                    "25.3993435"
                ]
            ]
        },
        {
            "imagefile": "20200207_124641.tiff",
            "M3x4": [
                [
                    "0.0461367406",
                    "-0.998325348",
                    "-0.0348994918",
                    "12.0995092"
                ],
                [
                    "0.989436507",
                    "0.0408636928",
                    "0.139088318",
                    "19.0399513"
                ],
                [
                    "-0.137429282",
                    "-0.0409479141",
                    "0.989664853",
                    "25.5884914"
                ]
            ]
        },
        {
            "imagefile": "20200207_124643.tiff",
            "M3x4": [
                [
                    "0.0461367406",
                    "-0.998325348",
                    "-0.0348994918",
                    "12.9794579"
                ],
                [
                    "0.989436507",
                    "0.0408636928",
                    "0.139088318",
                    "19.3862896"
                ],
                [
                    "-0.137429282",
                    "-0.0409479141",
                    "0.989664853",
                    "25.5708504"
                ]
            ]
        },
        {
            "imagefile": "20200207_124645.tiff",
            "M3x4": [
                [
                    "0.0461367406",
                    "-0.998325348",
                    "-0.0348994918",
                    "13.4927721"
                ],
                [
                    "0.989436507",
                    "0.0408636928",
                    "0.139088318",
                    "19.3340092"
                ],
                [
                    "-0.137429282",
                    "-0.0409479141",
                    "0.989664853",
                    "25.4952545"
                ]
            ]
        },
        {
            "imagefile": "20200207_124647.tiff",
            "M3x4": [
                [
                    "0.0461367406",
                    "-0.998325348",
                    "-0.0348994918",
                    "13.0789957"
                ],
                [
                    "0.989436507",
                    "0.0408636928",
                    "0.139088318",
                    "17.8413219"
                ],
                [
                    "-0.137429282",
                    "-0.0409479141",
                    "0.989664853",
                    "25.7409706"
                ]
            ]
        },
        {
            "imagefile": "20200207_124650.tiff",
            "M3x4": [
                [
                    "0.0461367406",
                    "-0.998325348",
                    "-0.0348994918",
                    "12.7817402"
                ],
                [
                    "0.989436507",
                    "0.0408636928",
                    "0.139088318",
                    "16.3315468"
                ],
                [
                    "-0.137429282",
                    "-0.0409479141",
                    "0.989664853",
                    "25.8416252"
                ]
            ]
        },
        {
            "imagefile": "20200207_124652.tiff",
            "M3x4": [
                [
                    "0.0461367406",
                    "-0.998325348",
                    "-0.0348994918",
                    "13.8237267"
                ],
                [
                    "0.989436507",
                    "0.0408636928",
                    "0.139088318",
                    "17.0091743"
                ],
                [
                    "-0.137429282",
                    "-0.0409479141",
                    "0.989664853",
                    "25.9347038"
                ]
            ]
        },
        {
            "imagefile": "20200207_124656.tiff",
            "M3x4": [
                [
                    "0.0461367406",
                    "-0.998325348",
                    "-0.0348994918",
                    "12.5278492"
                ],
                [
                    "0.989436507",
                    "0.0408636928",
                    "0.139088318",
                    "17.1047878"
                ],
                [
                    "-0.137429282",
                    "-0.0409479141",
                    "0.989664853",
                    "25.5724354"
                ]
            ]
        },
        {
            "imagefile": "20200207_124657.tiff",
            "M3x4": [
                [
                    "0.0461367406",
                    "-0.998325348",
                    "-0.0348994918",
                    "11.4435959"
                ],
                [
                    "0.989436507",
                    "0.0408636928",
                    "0.139088318",
                    "16.9412537"
                ],
                [
                    "-0.137429282",
                    "-0.0409479141",
                    "0.989664853",
                    "25.5571842"
                ]
            ]
        },
        {
            "imagefile": "20200207_124658.tiff",
            "M3x4": [
                [
                    "0.0461367406",
                    "-0.998325348",
                    "-0.0348994918",
                    "10.4185219"
                ],
                [
                    "0.989436507",
                    "0.0408636928",
                    "0.139088318",
                    "16.8203316"
                ],
                [
                    "-0.137429282",
                    "-0.0409479141",
                    "0.989664853",
                    "25.4875069"
                ]
            ]
        },
        {
            "imagefile": "20200207_124659.tiff",
            "M3x4": [
                [
                    "0.0461367406",
                    "-0.998325348",
                    "-0.0348994918",
                    "9.57804108"
                ],
                [
                    "0.989436507",
                    "0.0408636928",
                    "0.139088318",
                    "16.9037952"
                ],
                [
                    "-0.137429282",
                    "-0.0409479141",
                    "0.989664853",
                    "25.6987514"
                ]
            ]
        },
        {
            "imagefile": "20200207_124701.tiff",
            "M3x4": [
                [
                    "0.0461367406",
                    "-0.998325348",
                    "-0.0348994918",
                    "8.55537319"
                ],
                [
                    "0.989436507",
                    "0.0408636928",
                    "0.139088318",
                    "16.9824181"
                ],
                [
                    "-0.137429282",
                    "-0.0409479141",
                    "0.989664853",
                    "25.4495487"
                ]
            ]
        },
        {
            "imagefile": "20200207_124702.tiff",
            "M3x4": [
                [
                    "0.0461367406",
                    "-0.998325348",
                    "-0.0348994918",
                    "7.64050198"
                ],
                [
                    "0.989436507",
                    "0.0408636928",
                    "0.139088318",
                    "17.0787258"
                ],
                [
                    "-0.137429282",
                    "-0.0409479141",
                    "0.989664853",
                    "25.3027077"
                ]
            ]
        },
        {
            "imagefile": "20200207_124704.tiff",
            "M3x4": [
                [
                    "0.0461367406",
                    "-0.998325348",
                    "-0.0348994918",
                    "6.58222103"
                ],
                [
                    "0.989436507",
                    "0.0408636928",
                    "0.139088318",
                    "17.0681362"
                ],
                [
                    "-0.137429282",
                    "-0.0409479141",
                    "0.989664853",
                    "25.3174"
                ]
            ]
        },
        {
            "imagefile": "20200207_124705.tiff",
            "M3x4": [
                [
                    "0.0461367406",
                    "-0.998325348",
                    "-0.0348994918",
                    "5.5940218"
                ],
                [
                    "0.989436507",
                    "0.0408636928",
                    "0.139088318",
                    "16.9589386"
                ],
                [
                    "-0.137429282",
                    "-0.0409479141",
                    "0.989664853",
                    "25.4494648"
                ]
            ]
        },
        {
            "imagefile": "20200207_124706.tiff",
            "M3x4": [
                [
                    "0.0461367406",
                    "-0.998325348",
                    "-0.0348994918",
                    "4.63538837"
                ],
                [
                    "0.989436507",
                    "0.0408636928",
                    "0.139088318",
                    "17.0203743"
                ],
                [
                    "-0.137429282",
                    "-0.0409479141",
                    "0.989664853",
                    "25.2554588"
                ]
            ]
        },
        {
            "imagefile": "20200207_124708.tiff",
            "M3x4": [
                [
                    "0.0461367406",
                    "-0.998325348",
                    "-0.0348994918",
                    "3.61380911"
                ],
                [
                    "0.989436507",
                    "0.0408636928",
                    "0.139088318",
                    "17.0457745"
                ],
                [
                    "-0.137429282",
                    "-0.0409479141",
                    "0.989664853",
                    "25.2158642"
                ]
            ]
        },
        {
            "imagefile": "20200207_124710.tiff",
            "M3x4": [
                [
                    "0.0461367406",
                    "-0.998325348",
                    "-0.0348994918",
                    "2.67827868"
                ],
                [
                    "0.989436507",
                    "0.0408636928",
                    "0.139088318",
                    "16.8347454"
                ],
                [
                    "-0.137429282",
                    "-0.0409479141",
                    "0.989664853",
                    "25.0609627"
                ]
            ]
        },
        {
            "imagefile": "20200207_124712.tiff",
            "M3x4": [
                [
                    "0.0461367406",
                    "-0.998325348",
                    "-0.0348994918",
                    "1.6189847"
                ],
                [
                    "0.989436507",
                    "0.0408636928",
                    "0.139088318",
