{"images":[{"imagefile":"20200207_122831.tiff","M3x4":[[0.43195780892571434,-0.9018938137652881,-0,-0.22590208807624723],[0.9018938137652881,0.43195780892571434,0,3.2181410669133492],[0,-0,1,30.35]]},{"imagefile":"20200207_122833.tiff","M3x4":[[0.43195780892571434,-0.9018938137652881,-0,-0.4050094046382271],[0.9018938137652881,0.43195780892571434,0,3.9892802148374189],[0,-0,1,29]]},{"imagefile":"20200207_122835.tiff","M3x4":[[0.43195780892571434,-0.9018938137652881,-0,-1.0503694363748459],[0.9018938137652881,0.43195780892571434,0,4.9704403819396177],[0,-0,1,30.05]]},{"imagefile":"20200207_122836.tiff","M3x4":[[0.43195780892571434,-0.9018938137652881,-0,-1.6043995860962097],[0.9018938137652881,0.43195780892571434,0,5.7533937812602964],[0,-0,1,30.2]]},{"imagefile":"20200207_122837.tiff","M3x4":[[0.43195780892571434,-0.9018938137652881,-0,-2.0804637976857538],[0.9018938137652881,0.43195780892571434,0,6.5980476635428609],[0,-0,1,30.35]]},{"imagefile":"20200207_122839.tiff","M3x4":[[0.43195780892571434,-0.9018938137652881,-0,-2.4590706032242213],[0.9018938137652881,0.43195780892571434,0,7.5198271665848857],[0,-0,1,30.2]]},{"imagefile":"20200207_122841.tiff","M3x4":[[0.43195780892571434,-0.9018938137652881,-0,-2.9578454536570691],[0.9018938137652881,0.43195780892571434,0,8.473297299756263],[0,-0,1,30.2]]},{"imagefile":"20200207_122842.tiff","M3x4":[[0.43195780892571434,-0.9018938137652881,-0,-3.4200573474498221],[0.9018938137652881,0.43195780892571434,0,9.2951031441450418],[0,-0,1,30.2]]},{"imagefile":"20200207_122844.tiff","M3x4":[[0.43195780892571434,-0.9018938137652881,-0,-4.1835771416975671],[0.9018938137652881,0.43195780892571434,0,10.102454351946406],[0,-0,1,30.1]]},{"imagefile":"20200207_122846.tiff","M3x4":[[0.43195780892571434,-0.9018938137652881,-0,-4.6986249530179434],[0.9018938137652881,0.43195780892571434,0,10.916257337876756],[0,-0,1,30.25]]},{"imagefile":"20200207_122848.tiff","M3x4":[[0.43195780892571434,-0.9018938137652881,-0,-5.1137179233534287],[0.9018938137652881,0.43195780892571434,0,11.838746477910473],[0,-0,1,30.15]]},{"imagefile":"20200207_122849.tiff","M3x4":[[0.43195780892571434,-0.9018938137652881,-0,-5.5237383726969487],[0.9018938137652881,0.43195780892571434,0,12.693402796360729],[0,-0,1,30.15]]},{"imagefile":"20200207_122851.tiff","M3x4":[[0.43195780892571434,-0.9018938137652881,-0,-6.0445030116283283],[0.9018938137652881,0.43195780892571434,0,13.599886426888325],[0,-0,1,30.15]]},{"imagefile":"20200207_122853.tiff","M3x4":[[0.43195780892571434,-0.9018938137652881,-0,-6.3174395387806381],[0.9018938137652881,0.43195780892571434,0,14.537670188322455],[0,-0,1,30.2]]},{"imagefile":"20200207_122855.tiff","M3x4":[[0.43195780892571434,-0.9018938137652881,-0,-6.8193567915008337],[0.9018938137652881,0.43195780892571434,0,15.484426999155986],[0,-0,1,30.15]]},{"imagefile":"20200207_122856.tiff","M3x4":[[0.43195780892571434,-0.9018938137652881,-0,-7.4123712369848729],[0.9018938137652881,0.43195780892571434,0,16.23652870430405],[0,-0,1,30.15]]},{"imagefile":"20200207_122858.tiff","M3x4":[[0.43195780892571434,-0.9018938137652881,-0,-7.9350678604721274],[0.9018938137652881,0.43195780892571434,0,17.217556702399808],[0,-0,1,30.25]]},{"imagefile":"20200207_122900.tiff","M3x4":[[0.43195780892571434,-0.9018938137652881,-0,-8.3500840018701581],[0.9018938137652881,0.43195780892571434,0,18.009091229283854],[0,-0,1,30.1]]},{"imagefile":"20200207_122906.tiff","M3x4":[[0.43195780892571434,-0.9018938137652881,-0,-7.4903722123785217],[0.9018938137652881,0.43195780892571434,0,18.351345053291915],[0,-0,1,30.3]]},{"imagefile":"20200207_122908.tiff","M3x4":[[0.43195780892571434,-0.9018938137652881,-0,-6.6019219567504095],[0.9018938137652881,0.43195780892571434,0,17.968286764420164],[0,-0,1,30.35]]},{"imagefile":"20200207_122911.tiff","M3x4":[[0.43195780892571434,-0.9018938137652881,-0,-5.5556084629127485],[0.9018938137652881,0.43195780892571434,0,17.634084767882534],[0,-0,1,30.4]]},{"imagefile":"20200207_122913.tiff","M3x4":[[0.43195780892571434,-0.9018938137652881,-0,-4.4558932603762988],[0.9018938137652881,0.43195780892571434,0,17.413990966290385],[0,-0,1,30.55]]},{"imagefile":"20200207_122914.tiff","M3x4":[[0.43195780892571434,-0.9018938137652881,-0,-3.5178263683507556],[0.9018938137652881,0.43195780892571434,0,17.163176991996608],[0,-0,1,30.6]]},{"imagefile":"20200207_122916.tiff","M3x4":[[0.43195780892571434,-0.9018938137652881,-0,-2.5708238414369085],[0.9018938137652881,0.43195780892571434,0,16.695440479567356],[0,-0,1,30.6]]},{"imagefile":"20200207_122917.tiff","M3x4":[[0.43195780892571434,-0.9018938137652881,-0,-1.6848710079237845],[0.9018938137652881,0.43195780892571434,0,16.280821738017636],[0,-0,1,30.5]]},{"imagefile":"20200207_122919.tiff","M3x4":[[0.43195780892571434,-0.9018938137652881,-0,-0.84168622446263974],[0.9018938137652881,0.43195780892571434,0,15.853488731435576],[0,-0,1,30.35]]},{"imagefile":"20200207_122920.tiff","M3x4":[[0.43195780892571434,-0.9018938137652881,-0,0.0807520993161992],[0.9018938137652881,0.43195780892571434,0,15.438159753044733],[0,-0,1,30.35]]},{"imagefile":"20200207_122922.tiff","M3x4":[[0.43195780892571434,-0.9018938137652881,-0,1.0421733876203092],[0.9018938137652881,0.43195780892571434,0,15.053681131705233],[0,-0,1,30.3]]},{"imagefile":"20200207_122923.tiff","M3x4":[[0.43195780892571434,-0.9018938137652881,-0,2.0916282664644275],[0.9018938137652881,0.43195780892571434,0,14.726191676722303],[0,-0,1,30.25]]},{"imagefile":"20200207_122925.tiff","M3x4":[[0.43195780892571434,-0.9018938137652881,-0,2.9743620733740861],[0.9018938137652881,0.43195780892571434,0,14.435814646749455],[0,-0,1,30.25]]},{"imagefile":"20200207_122926.tiff","M3x4":[[0.43195780892571434,-0.9018938137652881,-0,3.9339297205870762],[0.9018938137652881,0.43195780892571434,0,13.994927171924978],[0,-0,1,30.3]]},{"imagefile":"20200207_122928.tiff","M3x4":[[0.43195780892571434,-0.9018938137652881,-0,4.735556312714289],[0.9018938137652881,0.43195780892571434,0,13.636137171189979],[0,-0,1,30.3]]},{"imagefile":"20200207_122930.tiff","M3x4":[[0.43195780892571434,-0.9018938137652881,-0,5.6882753194680085],[0.9018938137652881,0.43195780892571434,0,13.075719540302634],[0,-0,1,30.15]]},{"imagefile":"20200207_122931.tiff","M3x4":[[0.43195780892571434,-0.9018938137652881,-0,6.6075723726494884],[0.9018938137652881,0.43195780892571434,0,12.653678358412556],[0,-0,1,30.15]]},{"imagefile":"20200207_122933.tiff","M3x4":[[0.43195780892571434,-0.9018938137652881,-0,7.4608247821707145],[0.9018938137652881,0.43195780892571434,0,12.221633762451379],[0,-0,1,30.15]]},{"imagefile":"20200207_122934.tiff","M3x4":[[0.43195780892571434,-0.9018938137652881,-0,8.3694103879917474],[0.9018938137652881,0.43195780892571434,0,11.829152512525873],[0,-0,1,30.15]]},{"imagefile":"20200207_122936.tiff","M3x4":[[0.43195780892571434,-0.9018938137652881,-0,9.3843112313276968],[0.9018938137652881,0.43195780892571434,0,11.427828394148067],[0,-0,1,30.15]]},{"imagefile":"20200207_122937.tiff","M3x4":[[0.43195780892571434,-0.9018938137652881,-0,10.263903812007612],[0.9018938137652881,0.43195780892571434,0,11.130739255468111],[0,-0,1,30.15]]},{"imagefile":"20200207_122939.tiff","M3x4":[[0.43195780892571434,-0.9018938137652881,-0,11.292579719249915],[0.9018938137652881,0.43195780892571434,0,10.837521616348202],[0,-0,1,30.2]]},{"imagefile":"20200207_122941.tiff","M3x4":[[0.43195780892571434,-0.9018938137652881,-0,12.272771116932329],[0.9018938137652881,0.43195780892571434,0,10.624270922694734],[0,-0,1,30.2]]},{"imagefile":"20200207_122942.tiff","M3x4":[[0.43195780892571434,-0.9018938137652881,-0,13.183854262654723],[0.9018938137652881,0.43195780892571434,0,10.263350431745241],[0,-0,1,30.15]]},{"imagefile":"20200207_122944.tiff","M3x4":[[0.43195780892571434,-0.9018938137652881,-0,14.09614733455367],[0.9018938137652881,0.43195780892571434,0,9.983687363303428],[0,-0,1,30.35]]},{"imagefile":"20200207_122946.tiff","M3x4":[[0.43195780892571434,-0.9018938137652881,-0,15.075695004311381],[0.9018938137652881,0.43195780892571434,0,9.7952852244448323],[0,-0,1,30.35]]},{"imagefile":"20200207_122948.tiff","M3x4":[[0.43195780892571434,-0.9018938137652881,-0,16.126437663380692],[0.9018938137652881,0.43195780892571434,0,9.4180995592163335],[0,-0,1,30.35]]},{"imagefile":"20200207_122950.tiff","M3x4":[[0.43195780892571434,-0.9018938137652881,-0,17.1387634652219],[0.9018938137652881,0.43195780892571434,0,9.1161692790558142],[0,-0,1,30.3]]},{"imagefile":"20200207_122951.tiff","M3x4":[[0.43195780892571434,-0.9018938137652881,-0,17.973734350131508],[0.9018938137652881,0.43195780892571434,0,8.7499570229775525],[0,-0,1,30.45]]},{"imagefile":"20200207_122953.tiff","M3x4":[[0.43195780892571434,-0.9018938137652881,-0,18.992753640168726],[0.9018938137652881,0.43195780892571434,0,8.82946574535368],[0,-0,1,30.35]]},{"imagefile":"20200207_122955.tiff","M3x4":[[0.43195780892571434,-0.9018938137652881,-0,19.907389046565307],[0.9018938137652881,0.43195780892571434,0,8.8432722059053646],[0,-0,1,30.55]]},{"imagefile":"20200207_122958.tiff","M3x4":[[0.43195780892571434,-0.9018938137652881,-0,20.626287586713076],[0.9018938137652881,0.43195780892571434,0,7.96679728070728],[0,-0,1,30.65]]},{"imagefile":"20200207_123001.tiff","M3x4":[[0.43195780892571434,-0.9018938137652881,-0,20.086629620994927],[0.9018938137652881,0.43195780892571434,0,6.7874373820975125],[0,-0,1,30.55]]},{"imagefile":"20200207_123002.tiff","M3x4":[[0.43195780892571434,-0.9018938137652881,-0,19.55487501977678],[0.9018938137652881,0.43195780892571434,0,6.07077410409303],[0,-0,1,30.55]]},{"imagefile":"20200207_123006.tiff","M3x4":[[0.43195780892571434,-0.9018938137652881,-0,19.791014822713123],[0.9018938137652881,0.43195780892571434,0,5.657514710534687],[0,-0,1,30.65]]},{"imagefile":"20200207_123009.tiff","M3x4":[[0.43195780892571434,-0.9018938137652881,-0,17.989061536367185],[0.9018938137652881,0.43195780892571434,0,6.23897859443437],[0,-0,1,30.65]]},{"imagefile":"20200207_123010.tiff","M3x4":[[0.43195780892571434,-0.9018938137652881,-0,17.09811376860479],[0.9018938137652881,0.43195780892571434,0,6.5904761327164287],[0,-0,1,30.65]]},{"imagefile":"20200207_123011.tiff","M3x4":[[0.43195780892571434,-0.9018938137652881,-0,16.198952100498396],[0.9018938137652881,0.43195780892571434,0,7.003094318581466],[0,-0,1,30.65]]},{"imagefile":"20200207_123012.tiff","M3x4":[[0.43195780892571434,-0.9018938137652881,-0,15.438806125321495],[0.9018938137652881,0.43195780892571434,0,7.424295573262139],[0,-0,1,30.8]]},{"imagefile":"20200207_123013.tiff","M3x4":[[0.43195780892571434,-0.9018938137652881,-0,14.678016361810425],[0.9018938137652881,0.43195780892571434,0,7.8703451962380866],[0,-0,1,30.8]]},{"imagefile":"20200207_123014.tiff","M3x4":[[0.43195780892571434,-0.9018938137652881,-0,13.868819704593236],[0.9018938137652881,0.43195780892571434,0,8.2654075418849917],[0,-0,1,30.75]]},{"imagefile":"20200207_123016.tiff","M3x4":[[0.43195780892571434,-0.9018938137652881,-0,12.971434112545937],[0.9018938137652881,0.43195780892571434,0,8.8653888821136348],[0,-0,1,30.65]]},{"imagefile":"20200207_123017.tiff","M3x4":[[0.43195780892571434,-0.9018938137652881,-0,12.081130129410582],[0.9018938137652881,0.43195780892571434,0,9.1920380572965215],[0,-0,1,30.75]]},{"imagefile":"20200207_123018.tiff","M3x4":[[0.43195780892571434,-0.9018938137652881,-0,11.055029411417671],[0.9018938137652881,0.43195780892571434,0,9.3858623866162851],[0,-0,1,30.75]]},{"imagefile":"20200207_123020.tiff","M3x4":[[0.43195780892571434,-0.9018938137652881,-0,10.154813096662703],[0.9018938137652881,0.43195780892571434,0,9.4553150219890263],[0,-0,1,30.75]]},{"imagefile":"20200207_123021.tiff","M3x4":[[0.43195780892571434,-0.9018938137652881,-0,9.2525878063924445],[0.9018938137652881,0.43195780892571434,0,9.7302669250449849],[0,-0,1,30.75]]},{"imagefile":"20200207_123023.tiff","M3x4":[[0.43195780892571434,-0.9018938137652881,-0,8.3615624424157033],[0.9018938137652881,0.43195780892571434,0,10.212718694787341],[0,-0,1,30.75]]},{"imagefile":"20200207_123027.tiff","M3x4":[[0.43195780892571434,-0.9018938137652881,-0,6.6009345530787407],[0.9018938137652881,0.43195780892571434,0,11.118502313570808],[0,-0,1,30.45]]},{"imagefile":"20200207_123029.tiff","M3x4":[[0.43195780892571434,-0.9018938137652881,-0,5.6778525275160385],[0.9018938137652881,0.43195780892571434,0,11.558679812938488],[0,-0,1,30.3]]},{"imagefile":"20200207_123031.tiff","M3x4":[[0.43195780892571434,-0.9018938137652881,-0,4.7905345097417982],[0.9018938137652881,0.43195780892571434,0,12.153949416851898],[0,-0,1,30.2]]},{"imagefile":"20200207_123033.tiff","M3x4":[[0.43195780892571434,-0.9018938137652881,-0,3.9025726560857987],[0.9018938137652881,0.43195780892571434,0,12.774067311345471],[0,-0,1,30.15]]},{"imagefile":"20200207_123036.tiff","M3x4":[[0.43195780892571434,-0.9018938137652881,-0,2.0212883686341385],[0.9018938137652881,0.43195780892571434,0,13.474481812792739],[0,-0,1,30.2]]},{"imagefile":"20200207_123038.tiff","M3x4":[[0.43195780892571434,-0.9018938137652881,-0,0.98640781670209421],[0.9018938137652881,0.43195780892571434,0,13.623321571956046],[0,-0,1,30.2]]},{"imagefile":"20200207_123039.tiff","M3x4":[[0.43195780892571434,-0.9018938137652881,-0,-0.10009853349164022],[0.9018938137652881,0.43195780892571434,0,13.84541598785281],[0,-0,1,30.15]]},{"imagefile":"20200207_123040.tiff","M3x4":[[0.43195780892571434,-0.9018938137652881,-0,-0.92613371010135914],[0.9018938137652881,0.43195780892571434,0,13.994706072522138],[0,-0,1,30.25]]},{"imagefile":"20200207_123042.tiff","M3x4":[[0.43195780892571434,-0.9018938137652881,-0,-1.9019736614548686],[0.9018938137652881,0.43195780892571434,0,14.295927128838647],[0,-0,1,30.3]]},{"imagefile":"20200207_123043.tiff","M3x4":[[0.43195780892571434,-0.9018938137652881,-0,-2.8998803033416687],[0.9018938137652881,0.43195780892571434,0,14.681116345708331],[0,-0,1,30.3]]},{"imagefile":"20200207_123045.tiff","M3x4":[[0.43195780892571434,-0.9018938137652881,-0,-3.8700814756749651],[0.9018938137652881,0.43195780892571434,0,15.020610287995208],[0,-0,1,30.15]]},{"imagefile":"20200207_123046.tiff","M3x4":[[0.43195780892571434,-0.9018938137652881,-0,-4.7269633168323244],[0.9018938137652881,0.43195780892571434,0,15.208883633942415],[0,-0,1,30.35]]},{"imagefile":"20200207_123048.tiff","M3x4":[[0.43195780892571434,-0.9018938137652881,-0,-5.64819162871618],[0.9018938137652881,0.43195780892571434,0,15.705470149132761],[0,-0,1,30.25]]},{"imagefile":"20200207_123050.tiff","M3x4":[[0.43195780892571434,-0.9018938137652881,-0,-6.64110330054763],[0.9018938137652881,0.43195780892571434,0,16.153780553476281],[0,-0,1,30.25]]},{"imagefile":"20200207_123051.tiff","M3x4":[[0.43195780892571434,-0.9018938137652881,-0,-7.7074741861768636],[0.9018938137652881,0.43195780892571434,0,16.366452311799623],[0,-0,1,30.45]]},{"imagefile":"20200207_123052.tiff","M3x4":[[0.43195780892571434,-0.9018938137652881,-0,-8.4888875283443959],[0.9018938137652881,0.43195780892571434,0,16.584865844368149],[0,-0,1,30.4]]},{"imagefile":"20200207_123054.tiff","M3x4":[[0.43195780892571434,-0.9018938137652881,-0,-9.5526831107988528],[0.9018938137652881,0.43195780892571434,0,16.698144578191648],[0,-0,1,30.4]]},{"imagefile":"20200207_123100.tiff","M3x4":[[0.43195780892571434,-0.9018938137652881,-0,-8.5233637906637156],[0.9018938137652881,0.43195780892571434,0,16.380077495817851],[0,-0,1,30.45]]},{"imagefile":"20200207_123103.tiff","M3x4":[[0.43195780892571434,-0.9018938137652881,-0,-9.6223011260660769],[0.9018938137652881,0.43195780892571434,0,15.290634855444921],[0,-0,1,30.45]]},{"imagefile":"20200207_123104.tiff","M3x4":[[0.43195780892571434,-0.9018938137652881,-0,-9.8665993404289338],[0.9018938137652881,0.43195780892571434,0,14.611278360889889],[0,-0,1,30.45]]},{"imagefile":"20200207_123106.tiff","M3x4":[[0.43195780892571434,-0.9018938137652881,-0,-10.134740292542073],[0.9018938137652881,0.43195780892571434,0,13.828527409231485],[0,-0,1,30.7]]},{"imagefile":"20200207_123110.tiff","M3x4":[[0.43195780892571434,-0.9018938137652881,-0,-9.7356643084087082],[0.9018938137652881,0.43195780892571434,0,13.396292544313209],[0,-0,1,30.6]]},{"imagefile":"20200207_123113.tiff","M3x4":[[0.43195780892571434,-0.9018938137652881,-0,-8.7282564242120042],[0.9018938137652881,0.43195780892571434,0,12.90028552006738],[0,-0,1,30.6]]},{"imagefile":"20200207_123116.tiff","M3x4":[[0.43195780892571434,-0.9018938137652881,-0,-7.730194708760405],[0.9018938137652881,0.43195780892571434,0,12.253187997436044],[0,-0,1,30.6]]},{"imagefile":"20200207_123117.tiff","M3x4":[[0.43195780892571434,-0.9018938137652881,-0,-6.8787964454701234],[0.9018938137652881,0.43195780892571434,0,11.764733644221298],[0,-0,1,30.65]]},{"imagefile":"20200207_123119.tiff","M3x4":[[0.43195780892571434,-0.9018938137652881,-0,-5.8727538399348109],[0.9018938137652881,0.43195780892571434,0,11.44937699632815],[0,-0,1,30.6]]},{"imagefile":"20200207_123121.tiff","M3x4":[[0.43195780892571434,-0.9018938137652881,-0,-4.9830940450887908],[0.9018938137652881,0.43195780892571434,0,11.147575052518738],[0,-0,1,30.55]]},{"imagefile":"20200207_123122.tiff","M3x4":[[0.43195780892571434,-0.9018938137652881,-0,-4.0053229679176052],[0.9018938137652881,0.43195780892571434,0,10.771808290583001],[0,-0,1,30.7]]},{"imagefile":"20200207_123124.tiff","M3x4":[[0.43195780892571434,-0.9018938137652881,-0,-3.1093805814727196],[0.9018938137652881,0.43195780892571434,0,10.483430897820845],[0,-0,1,30.7]]},{"imagefile":"20200207_123126.tiff","M3x4":[[0.43195780892571434,-0.9018938137652881,-0,-2.1674511949820614],[0.9018938137652881,0.43195780892571434,0,10.083526131412587],[0,-0,1,30.6]]},{"imagefile":"20200207_123127.tiff","M3x4":[[0.43195780892571434,-0.9018938137652881,-0,-1.3631722367659305],[0.9018938137652881,0.43195780892571434,0,9.4943880393591442],[0,-0,1,30.65]]},{"imagefile":"20200207_123129.tiff","M3x4":[[0.43195780892571434,-0.9018938137652881,-0,-0.572024635012331],[0.9018938137652881,0.43195780892571434,0,8.7722953081685979],[0,-0,1,30.75]]},{"imagefile":"20200207_123131.tiff","M3x4":[[0.43195780892571434,-0.9018938137652881,-0,0.24973681346355781],[0.9018938137652881,0.43195780892571434,0,8.4040811945332479],[0,-0,1,30.9]]},{"imagefile":"20200207_123133.tiff","M3x4":[[0.43195780892571434,-0.9018938137652881,-0,1.2180064358148415],[0.9018938137652881,0.43195780892571434,0,8.1391316582823663],[0,-0,1,30.9]]},{"imagefile":"20200207_123135.tiff","M3x4":[[0.43195780892571434,-0.9018938137652881,-0,2.3575035543560037],[0.9018938137652881,0.43195780892571434,0,7.66313121358172],[0,-0,1,30.65]]},{"imagefile":"20200207_123137.tiff","M3x4":[[0.43195780892571434,-0.9018938137652881,-0,3.1767675006612395],[0.9018938137652881,0.43195780892571434,0,7.2633565383318386],[0,-0,1,30.75]]},{"imagefile":"20200207_123138.tiff","M3x4":[[0.43195780892571434,-0.9018938137652881,-0,4.1356132988005241],[0.9018938137652881,0.43195780892571434,0,6.9782703548711735],[0,-0,1,30.85]]},{"imagefile":"20200207_123140.tiff","M3x4":[[0.43195780892571434,-0.9018938137652881,-0,5.2900955557465412],[0.9018938137652881,0.43195780892571434,0,6.6916336494457109],[0,-0,1,30.75]]},{"imagefile":"20200207_123141.tiff","M3x4":[[0.43195780892571434,-0.9018938137652881,-0,6.124988411422807],[0.9018938137652881,0.43195780892571434,0,6.4563743606579305],[0,-0,1,30.65]]},{"imagefile":"20200207_123143.tiff","M3x4":[[0.43195780892571434,-0.9018938137652881,-0,7.0813367442096951],[0.9018938137652881,0.43195780892571434,0,6.1397277118607949],[0,-0,1,30.85]]},{"imagefile":"20200207_123144.tiff","M3x4":[[0.43195780892571434,-0.9018938137652881,-0,8.02205617793344],[0.9018938137652881,0.43195780892571434,0,5.658565708903863],[0,-0,1,30.75]]},{"imagefile":"20200207_123146.tiff","M3x4":[[0.43195780892571434,-0.9018938137652881,-0,8.9682593465569784],[0.9018938137652881,0.43195780892571434,0,5.4775848103890512],[0,-0,1,30.75]]},{"imagefile":"20200207_123147.tiff","M3x4":[[0.43195780892571434,-0.9018938137652881,-0,9.8923184203601355],[0.9018938137652881,0.43195780892571434,0,5.5115264006136435],[0,-0,1,31]]},{"imagefile":"20200207_123149.tiff","M3x4":[[0.43195780892571434,-0.9018938137652881,-0,10.788338506242384],[0.9018938137652881,0.43195780892571434,0,5.0921953131641313],[0,-0,1,30.95]]},{"imagefile":"20200207_123151.tiff","M3x4":[[0.43195780892571434,-0.9018938137652881,-0,12.043497339081707],[0.9018938137652881,0.43195780892571434,0,4.7584432299540644],[0,-0,1,30.95]]},{"imagefile":"20200207_123153.tiff","M3x4":[[0.43195780892571434,-0.9018938137652881,-0,12.866313848705737],[0.9018938137652881,0.43195780892571434,0,4.7333951743491234],[0,-0,1,30.75]]},{"imagefile":"20200207_123154.tiff","M3x4":[[0.43195780892571434,-0.9018938137652881,-0,13.891049454920589],[0.9018938137652881,0.43195780892571434,0,4.7202213455920878],[0,-0,1,30.95]]},{"imagefile":"20200207_123156.tiff","M3x4":[[0.43195780892571434,-0.9018938137652881,-0,14.802054786120713],[0.9018938137652881,0.43195780892571434,0,4.4902543629429976],[0,-0,1,30.95]]},{"imagefile":"20200207_123158.tiff","M3x4":[[0.43195780892571434,-0.9018938137652881,-0,15.832506798736356],[0.9018938137652881,0.43195780892571434,0,4.3843994629054963],[0,-0,1,30.8]]},{"imagefile":"20200207_123200.tiff","M3x4":[[0.43195780892571434,-0.9018938137652881,-0,16.907169504430779],[0.9018938137652881,0.43195780892571434,0,3.97965371013247],[0,-0,1,30.95]]},{"imagefile":"20200207_123201.tiff","M3x4":[[0.43195780892571434,-0.9018938137652881,-0,17.800692159746518],[0.9018938137652881,0.43195780892571434,0,3.5287621954798762],[0,-0,1,30.85]]},{"imagefile":"20200207_123204.tiff","M3x4":[[0.43195780892571434,-0.9018938137652881,-0,18.168277363976255],[0.9018938137652881,0.43195780892571434,0,3.1603580035206793],[0,-0,1,30.8]]},{"imagefile":"20200207_123206.tiff","M3x4":[[0.43195780892571434,-0.9018938137652881,-0,17.398350054967175],[0.9018938137652881,0.43195780892571434,0,2.0396683196129803],[0,-0,1,30.7]]},{"imagefile":"20200207_123207.tiff","M3x4":[[0.43195780892571434,-0.9018938137652881,-0,17.035735992565666],[0.9018938137652881,0.43195780892571434,0,1.4484081250508707],[0,-0,1,30.75]]},{"imagefile":"20200207_123214.tiff","M3x4":[[0.43195780892571434,-0.9018938137652881,-0,17.214765751443082],[0.9018938137652881,0.43195780892571434,0,0.80822174961464466],[0,-0,1,30.9]]},{"imagefile":"20200207_123216.tiff","M3x4":[[0.43195780892571434,-0.9018938137652881,-0,15.208086579525286],[0.9018938137652881,0.43195780892571434,0,1.8700696042899407],[0,-0,1,30.7]]},{"imagefile":"20200207_123217.tiff","M3x4":[[0.43195780892571434,-0.9018938137652881,-0,14.220891533350578],[0.9018938137652881,0.43195780892571434,0,2.2256993089001167],[0,-0,1,30.8]]},{"imagefile":"20200207_123219.tiff","M3x4":[[0.43195780892571434,-0.9018938137652881,-0,13.197854742075959],[0.9018938137652881,0.43195780892571434,0,2.5571908867901989],[0,-0,1,30.8]]},{"imagefile":"20200207_123220.tiff","M3x4":[[0.43195780892571434,-0.9018938137652881,-0,12.344602858061897],[0.9018938137652881,0.43195780892571434,0,2.9892364764784594],[0,-0,1,30.7]]},{"imagefile":"20200207_123221.tiff","M3x4":[[0.43195780892571434,-0.9018938137652881,-0,11.538547875540596],[0.9018938137652881,0.43195780892571434,0,3.3910118542580947],[0,-0,1,30.75]]},{"imagefile":"20200207_123223.tiff","M3x4":[[0.43195780892571434,-0.9018938137652881,-0,10.446891407316091],[0.9018938137652881,0.43195780892571434,0,3.811893638416548],[0,-0,1,30.75]]},{"imagefile":"20200207_123225.tiff","M3x4":[[0.43195780892571434,-0.9018938137652881,-0,9.68424827519004],[0.9018938137652881,0.43195780892571434,0,4.2015349293830937],[0,-0,1,30.75]]},{"imagefile":"20200207_123226.tiff","M3x4":[[0.43195780892571434,-0.9018938137652881,-0,8.7660841952142157],[0.9018938137652881,0.43195780892571434,0,4.8357886145472921],[0,-0,1,30.75]]},{"imagefile":"20200207_123228.tiff","M3x4":[[0.43195780892571434,-0.9018938137652881,-0,7.8624940732841413],[0.9018938137652881,0.43195780892571434,0,5.2913920859859358],[0,-0,1,30.6]]},{"imagefile":"20200207_123229.tiff","M3x4":[[0.43195780892571434,-0.9018938137652881,-0,6.9691266646121921],[0.9018938137652881,0.43195780892571434,0,5.4803758114877406],[0,-0,1,30.65]]},{"imagefile":"20200207_123231.tiff","M3x4":[[0.43195780892571434,-0.9018938137652881,-0,6.0171296510361163],[0.9018938137652881,0.43195780892571434,0,5.8849921586661429],[0,-0,1,30.65]]},{"imagefile":"20200207_123233.tiff","M3x4":[[0.43195780892571434,-0.9018938137652881,-0,5.1676627960561685],[0.9018938137652881,0.43195780892571434,0,6.2989016116890246],[0,-0,1,30.65]]},{"imagefile":"20200207_123234.tiff","M3x4":[[0.43195780892571434,-0.9018938137652881,-0,4.3193283479394671],[0.9018938137652881,0.43195780892571434,0,6.9250223941319708],[0,-0,1,30.6]]},{"imagefile":"20200207_123236.tiff","M3x4":[[0.43195780892571434,-0.9018938137652881,-0,3.4591500568879394],[0.9018938137652881,0.43195780892571434,0,7.3684917444763416],[0,-0,1,30.65]]},{"imagefile":"20200207_123238.tiff","M3x4":[[0.43195780892571434,-0.9018938137652881,-0,2.33729068675356],[0.9018938137652881,0.43195780892571434,0,7.8035083679653372],[0,-0,1,30.65]]},{"imagefile":"20200207_123239.tiff","M3x4":[[0.43195780892571434,-0.9018938137652881,-0,1.5872126611941366],[0.9018938137652881,0.43195780892571434,0,8.2199985945585574],[0,-0,1,30.65]]},{"imagefile":"20200207_123241.tiff","M3x4":[[0.43195780892571434,-0.9018938137652881,-0,0.73202937223808817],[0.9018938137652881,0.43195780892571434,0,8.72658910225178],[0,-0,1,30.65]]},{"imagefile":"20200207_123243.tiff","M3x4":[[0.43195780892571434,-0.9018938137652881,-0,-0.15963943126052982],[0.9018938137652881,0.43195780892571434,0,9.23388984137501],[0,-0,1,30.65]]},{"imagefile":"20200207_123246.tiff","M3x4":[[0.43195780892571434,-0.9018938137652881,-0,-1.9113313183140854],[0.9018938137652881,0.43195780892571434,0,9.9227520491753136],[0,-0,1,30.65]]},{"imagefile":"20200207_123249.tiff","M3x4":[[0.43195780892571434,-0.9018938137652881,-0,-2.9827748236427594],[0.9018938137652881,0.43195780892571434,0,10.203256936128568],[0,-0,1,30.6]]},{"imagefile":"20200207_123250.tiff","M3x4":[[0.43195780892571434,-0.9018938137652881,-0,-4.0290103812045555],[0.9018938137652881,0.43195780892571434,0,10.406505999829124],[0,-0,1,30.65]]},{"imagefile":"20200207_123252.tiff","M3x4":[[0.43195780892571434,-0.9018938137652881,-0,-4.9834272223115548],[0.9018938137652881,0.43195780892571434,0,10.648608056178537],[0,-0,1,30.65]]},{"imagefile":"20200207_123254.tiff","M3x4":[[0.43195780892571434,-0.9018938137652881,-0,-5.9975284455722253],[0.9018938137652881,0.43195780892571434,0,10.763177575091078],[0,-0,1,30.6]]},{"imagefile":"20200207_123255.tiff","M3x4":[[0.43195780892571434,-0.9018938137652881,-0,-7.1098085451263611],[0.9018938137652881,0.43195780892571434,0,10.956423646131958],[0,-0,1,30.65]]},{"imagefile":"20200207_123257.tiff","M3x4":[[0.43195780892571434,-0.9018938137652881,-0,-8.0692203058832],[0.9018938137652881,0.43195780892571434,0,11.1354048336992],[0,-0,1,30.65]]},{"imagefile":"20200207_123258.tiff","M3x4":[[0.43195780892571434,-0.9018938137652881,-0,-8.9895714039725423],[0.9018938137652881,0.43195780892571434,0,11.214282588216134],[0,-0,1,30.65]]},{"imagefile":"20200207_123300.tiff","M3x4":[[0.43195780892571434,-0.9018938137652881,-0,-10.104915040986967],[0.9018938137652881,0.43195780892571434,0,11.269862988824389],[0,-0,1,30.5]]},{"imagefile":"20200207_123301.tiff","M3x4":[[0.43195780892571434,-0.9018938137652881,-0,-11.020837228208276],[0.9018938137652881,0.43195780892571434,0,11.3057565996166],[0,-0,1,30.5]]},{"imagefile":"20200207_123302.tiff","M3x4":[[0.43195780892571434,-0.9018938137652881,-0,-12.02036413111934],[0.9018938137652881,0.43195780892571434,0,11.241677114035916],[0,-0,1,30.5]]},{"imagefile":"20200207_123306.tiff","M3x4":[[0.43195780892571434,-0.9018938137652881,-0,-10.666871725660057],[0.9018938137652881,0.43195780892571434,0,10.567339372355754],[0,-0,1,30.35]]},{"imagefile":"20200207_123307.tiff","M3x4":[[0.43195780892571434,-0.9018938137652881,-0,-10.479294032865909],[0.9018938137652881,0.43195780892571434,0,10.365001441983027],[0,-0,1,30.1]]},{"imagefile":"20200207_123310.tiff","M3x4":[[0.43195780892571434,-0.9018938137652881,-0,-11.575168964702542],[0.9018938137652881,0.43195780892571434,0,9.4132258064979872],[0,-0,1,30.25]]},{"imagefile":"20200207_123311.tiff","M3x4":[[0.43195780892571434,-0.9018938137652881,-0,-12.186254118511213],[0.9018938137652881,0.43195780892571434,0,8.8155176054909017],[0,-0,1,30.35]]},{"imagefile":"20200207_123312.tiff","M3x4":[[0.43195780892571434,-0.9018938137652881,-0,-12.536302150175544],[0.9018938137652881,0.43195780892571434,0,8.2511100031465716],[0,-0,1,30.25]]},{"imagefile":"20200207_123316.tiff","M3x4":[[0.43195780892571434,-0.9018938137652881,-0,-11.534456027498067],[0.9018938137652881,0.43195780892571434,0,7.5858754358083553],[0,-0,1,30.3]]},{"imagefile":"20200207_123320.tiff","M3x4":[[0.43195780892571434,-0.9018938137652881,-0,-10.449726434038787],[0.9018938137652881,0.43195780892571434,0,7.1764160886033324],[0,-0,1,30.3]]},{"imagefile":"20200207_123323.tiff","M3x4":[[0.43195780892571434,-0.9018938137652881,-0,-9.480658329622786],[0.9018938137652881,0.43195780892571434,0,6.6247094711645076],[0,-0,1,30.35]]},{"imagefile":"20200207_123324.tiff","M3x4":[[0.43195780892571434,-0.9018938137652881,-0,-8.64440079726875],[0.9018938137652881,0.43195780892571434,0,6.2087985340374008],[0,-0,1,30.35]]},{"imagefile":"20200207_123326.tiff","M3x4":[[0.43195780892571434,-0.9018938137652881,-0,-7.6634113191138864],[0.9018938137652881,0.43195780892571434,0,5.7087891423690307],[0,-0,1,30.4]]},{"imagefile":"20200207_123328.tiff","M3x4":[[0.43195780892571434,-0.9018938137652881,-0,-6.8648492996795252],[0.9018938137652881,0.43195780892571434,0,5.212331301093319],[0,-0,1,30.4]]},{"imagefile":"20200207_123330.tiff","M3x4":[[0.43195780892571434,-0.9018938137652881,-0,-5.8189477277521258],[0.9018938137652881,0.43195780892571434,0,4.5101140102354478],[0,-0,1,30.4]]},{"imagefile":"20200207_123331.tiff","M3x4":[[0.43195780892571434,-0.9018938137652881,-0,-5.1758290912883984],[0.9018938137652881,0.43195780892571434,0,4.1273144797205852],[0,-0,1,30.5]]},{"imagefile":"20200207_123333.tiff","M3x4":[[0.43195780892571434,-0.9018938137652881,-0,-4.1967709316774329],[0.9018938137652881,0.43195780892571434,0,3.701849983780872],[0,-0,1,30.35]]},{"imagefile":"20200207_123335.tiff","M3x4":[[0.43195780892571434,-0.9018938137652881,-0,-3.1510243666621385],[0.9018938137652881,0.43195780892571434,0,3.2615403961690639],[0,-0,1,30.5]]},{"imagefile":"20200207_123336.tiff","M3x4":[[0.43195780892571434,-0.9018938137652881,-0,-2.2834314000865525],[0.9018938137652881,0.43195780892571434,0,3.0437057798479259],[0,-0,1,30.35]]},{"imagefile":"20200207_123338.tiff","M3x4":[[0.43195780892571434,-0.9018938137652881,-0,-1.3440774658703543],[0.9018938137652881,0.43195780892571434,0,2.7431933450103094],[0,-0,1,30.4]]},{"imagefile":"20200207_123340.tiff","M3x4":[[0.43195780892571434,-0.9018938137652881,-0,-0.50032733069383939],[0.9018938137652881,0.43195780892571434,0,2.4219641428920715],[0,-0,1,30.4]]},{"imagefile":"20200207_123342.tiff","M3x4":[[0.43195780892571434,-0.9018938137652881,-0,0.48444714848216852],[0.9018938137652881,0.43195780892571434,0,1.9038185991904424],[0,-0,1,30.65]]},{"imagefile":"20200207_123343.tiff","M3x4":[[0.43195780892571434,-0.9018938137652881,-0,1.4753493470594932],[0.9018938137652881,0.43195780892571434,0,1.6610055651828977],[0,-0,1,30.5]]},{"imagefile":"20200207_123345.tiff","M3x4":[[0.43195780892571434,-0.9018938137652881,-0,2.50845334869121],[0.9018938137652881,0.43195780892571434,0,1.3248011397136574],[0,-0,1,30.4]]},{"imagefile":"20200207_123346.tiff","M3x4":[[0.43195780892571434,-0.9018938137652881,-0,3.3490622180096725],[0.9018938137652881,0.43195780892571434,0,0.99685977848827667],[0,-0,1,30.7]]},{"imagefile":"20200207_123348.tiff","M3x4":[[0.43195780892571434,-0.9018938137652881,-0,4.2073862229094141],[0.9018938137652881,0.43195780892571434,0,0.49698055338669955],[0,-0,1,30.7]]},{"imagefile":"20200207_123351.tiff","M3x4":[[0.43195780892571434,-0.9018938137652881,-0,5.1567304645236307],[0.9018938137652881,0.43195780892571434,0,0.32271081621741149],[0,-0,1,30.7]]},{"imagefile":"20200207_123353.tiff","M3x4":[[0.43195780892571434,-0.9018938137652881,-0,6.3074274486266866],[0.9018938137652881,0.43195780892571434,0,0.054209223107783977],[0,-0,1,30.7]]},{"imagefile":"20200207_123354.tiff","M3x4":[[0.43195780892571434,-0.9018938137652881,-0,7.180015689968652],[0.9018938137652881,0.43195780892571434,0,-0.10050369673388149],[0,-0,1,30.85]]},{"imagefile":"20200207_123356.tiff","M3x4":[[0.43195780892571434,-0.9018938137652881,-0,8.1087357777761611],[0.9018938137652881,0.43195780892571434,0,-0.50240991450416672],[0,-0,1,30.85]]},{"imagefile":"20200207_123357.tiff","M3x4":[[0.43195780892571434,-0.9018938137652881,-0,9.0349583061379857],[0.9018938137652881,0.43195780892571434,0,-0.93587676604162873],[0,-0,1,30.75]]},{"imagefile":"20200207_123359.tiff","M3x4":[[0.43195780892571434,-0.9018938137652881,-0,9.96174719123956],[0.9018938137652881,0.43195780892571434,0,-1.2632378203501275],[0,-0,1,30.8]]},{"imagefile":"20200207_123400.tiff","M3x4":[[0.43195780892571434,-0.9018938137652881,-0,11.018050524484451],[0.9018938137652881,0.43195780892571434,0,-1.4711986159552719],[0,-0,1,30.95]]},{"imagefile":"20200207_123402.tiff","M3x4":[[0.43195780892571434,-0.9018938137652881,-0,11.970536219995102],[0.9018938137652881,0.43195780892571434,0,-1.6387556353922816],[0,-0,1,30.75]]},{"imagefile":"20200207_123403.tiff","M3x4":[[0.43195780892571434,-0.9018938137652881,-0,12.992851661326018],[0.9018938137652881,0.43195780892571434,0,-1.8144453433252137],[0,-0,1,30.65]]},{"imagefile":"20200207_123405.tiff","M3x4":[[0.43195780892571434,-0.9018938137652881,-0,14.042151375640778],[0.9018938137652881,0.43195780892571434,0,-1.8800277540300971],[0,-0,1,30.8]]},{"imagefile":"20200207_123407.tiff","M3x4":[[0.43195780892571434,-0.9018938137652881,-0,14.962091386868282],[0.9018938137652881,0.43195780892571434,0,-2.3269189407693247],[0,-0,1,30.7]]},{"imagefile":"20200207_123408.tiff","M3x4":[[0.43195780892571434,-0.9018938137652881,-0,15.83805315994509],[0.9018938137652881,0.43195780892571434,0,-2.8677819156190618],[0,-0,1,30.6]]},{"imagefile":"20200207_123410.tiff","M3x4":[[0.43195780892571434,-0.9018938137652881,-0,16.559060650878042],[0.9018938137652881,0.43195780892571434,0,-3.0579262566138992],[0,-0,1,30.5]]},{"imagefile":"20200207_123413.tiff","M3x4":[[0.43195780892571434,-0.9018938137652881,-0,15.480820297635393],[0.9018938137652881,0.43195780892571434,0,-4.0506919758813131],[0,-0,1,30.45]]},{"imagefile":"20200207_123414.tiff","M3x4":[[0.43195780892571434,-0.9018938137652881,-0,14.88430693270033],[0.9018938137652881,0.43195780892571434,0,-4.8270543655693778],[0,-0,1,30.6]]},{"imagefile":"20200207_123416.tiff","M3x4":[[0.43195780892571434,-0.9018938137652881,-0,14.543835776242229],[0.9018938137652881,0.43195780892571434,0,-5.6332368641185049],[0,-0,1,30.6]]},{"imagefile":"20200207_123419.tiff","M3x4":[[0.43195780892571434,-0.9018938137652881,-0,15.535150042034449],[0.9018938137652881,0.43195780892571434,0,-5.5080350270100045],[0,-0,1,30.45]]},{"imagefile":"20200207_123420.tiff","M3x4":[[0.43195780892571434,-0.9018938137652881,-0,15.567206818411611],[0.9018938137652881,0.43195780892571434,0,-5.4657607368774412],[0,-0,1,30.35]]},{"imagefile":"20200207_123422.tiff","M3x4":[[0.43195780892571434,-0.9018938137652881,-0,13.384615802068071],[0.9018938137652881,0.43195780892571434,0,-4.7797975699344777],[0,-0,1,30.4]]},{"imagefile":"20200207_123423.tiff","M3x4":[[0.43195780892571434,-0.9018938137652881,-0,12.328878904322734],[0.9018938137652881,0.43195780892571434,0,-4.4657306983854674],[0,-0,1,30.45]]},{"imagefile":"20200207_123425.tiff","M3x4":[[0.43195780892571434,-0.9018938137652881,-0,11.414011603767902],[0.9018938137652881,0.43195780892571434,0,-4.0866719371913556],[0,-0,1,30.4]]},{"imagefile":"20200207_123426.tiff","M3x4":[[0.43195780892571434,-0.9018938137652881,-0,10.438738500575443],[0.9018938137652881,0.43195780892571434,0,-3.6793435638615719],[0,-0,1,30.55]]},{"imagefile":"20200207_123427.tiff","M3x4":[[0.43195780892571434,-0.9018938137652881,-0,9.6509654287742226],[0.9018938137652881,0.43195780892571434,0,-3.3433994459825218],[0,-0,1,30.5]]},{"imagefile":"20200207_123429.tiff","M3x4":[[0.43195780892571434,-0.9018938137652881,-0,8.6210027371078173],[0.9018938137652881,0.43195780892571434,0,-3.0004827175684667],[0,-0,1,30.3]]},{"imagefile":"20200207_123430.tiff","M3x4":[[0.43195780892571434,-0.9018938137652881,-0,7.7658975368735943],[0.9018938137652881,0.43195780892571434,0,-2.6248451111718145],[0,-0,1,30.3]]},{"imagefile":"20200207_123432.tiff","M3x4":[[0.43195780892571434,-0.9018938137652881,-0,6.7905471082214079],[0.9018938137652881,0.43195780892571434,0,-2.0865625426053716],[0,-0,1,30.3]]},{"imagefile":"20200207_123433.tiff","M3x4":[[0.43195780892571434,-0.9018938137652881,-0,5.748019239375953],[0.9018938137652881,0.43195780892571434,0,-1.7704947678881586],[0,-0,1,30.3]]},{"imagefile":"20200207_123435.tiff","M3x4":[[0.43195780892571434,-0.9018938137652881,-0,4.9238380431339568],[0.9018938137652881,0.43195780892571434,0,-1.5647943990743798],[0,-0,1,30.45]]},{"imagefile":"20200207_123437.tiff","M3x4":[[0.43195780892571434,-0.9018938137652881,-0,4.095073360756678],[0.9018938137652881,0.43195780892571434,0,-1.0542013531990717],[0,-0,1,30.6]]},{"imagefile":"20200207_123438.tiff","M3x4":[[0.43195780892571434,-0.9018938137652881,-0,3.2453748811482113],[0.9018938137652881,0.43195780892571434,0,-0.24742866412452469],[0,-0,1,30.5]]},{"imagefile":"20200207_123440.tiff","M3x4":[[0.43195780892571434,-0.9018938137652881,-0,2.4121813528671368],[0.9018938137652881,0.43195780892571434,0,0.306148736577455],[0,-0,1,30.45]]},{"imagefile":"20200207_123441.tiff","M3x4":[[0.43195780892571434,-0.9018938137652881,-0,1.5684312474751507],[0.9018938137652881,0.43195780892571434,0,0.62737800303948865],[0,-0,1,30.6]]},{"imagefile":"20200207_123443.tiff","M3x4":[[0.43195780892571434,-0.9018938137652881,-0,0.53282975722974724],[0.9018938137652881,0.43195780892571434,0,0.93202202671911516],[0,-0,1,30.65]]},{"imagefile":"20200207_123444.tiff","M3x4":[[0.43195780892571434,-0.9018938137652881,-0,-0.37317994694077061],[0.9018938137652881,0.43195780892571434,0,1.2251120019184605],[0,-0,1,30.7]]},{"imagefile":"20200207_123445.tiff","M3x4":[[0.43195780892571434,-0.9018938137652881,-0,-1.3024662045700217],[0.9018938137652881,0.43195780892571434,0,1.520912965809369],[0,-0,1,30.7]]},{"imagefile":"20200207_123447.tiff","M3x4":[[0.43195780892571434,-0.9018938137652881,-0,-2.3116497789489374],[0.9018938137652881,0.43195780892571434,0,1.8295584304863286],[0,-0,1,30.7]]},{"imagefile":"20200207_123449.tiff","M3x4":[[0.43195780892571434,-0.9018938137652881,-0,-3.1799638933014842],[0.9018938137652881,0.43195780892571434,0,2.2031954682358044],[0,-0,1,30.65]]},{"imagefile":"20200207_123450.tiff","M3x4":[[0.43195780892571434,-0.9018938137652881,-0,-4.0936210830389728],[0.9018938137652881,0.43195780892571434,0,2.6635116687684723],[0,-0,1,30.75]]},{"imagefile":"20200207_123451.tiff","M3x4":[[0.43195780892571434,-0.9018938137652881,-0,-4.9248834132958406],[0.9018938137652881,0.43195780892571434,0,3.1425439609150851],[0,-0,1,30.8]]},{"imagefile":"20200207_123453.tiff","M3x4":[[0.43195780892571434,-0.9018938137652881,-0,-6.0033303522043875],[0.9018938137652881,0.43195780892571434,0,3.5654279496409496],[0,-0,1,30.85]]},{"imagefile":"20200207_123455.tiff","M3x4":[[0.43195780892571434,-0.9018938137652881,-0,-7.02121652598189],[0.9018938137652881,0.43195780892571434,0,3.6981346660735079],[0,-0,1,30.65]]},{"imagefile":"20200207_123456.tiff","M3x4":[[0.43195780892571434,-0.9018938137652881,-0,-7.9485714371722365],[0.9018938137652881,0.43195780892571434,0,3.9193909067489705],[0,-0,1,30.7]]},{"imagefile":"20200207_123458.tiff","M3x4":[[0.43195780892571434,-0.9018938137652881,-0,-8.830016961146347],[0.9018938137652881,0.43195780892571434,0,4.1600735932387005],[0,-0,1,30.7]]